   183539200.      -21627170.0    
  -21627170.0       3438405.25    
   18747566.0      -3236652.50    
  -3236652.50       753836.000    
   2604832.75      -628224.938    
  -628224.938       204316.969    
   718116.875      -217702.922    
  -217702.922       88905.7734    
   452019.125      -151796.672    
  -151796.672       68538.6094    
   402950.688      -142020.375    
  -142020.375       67145.0703    
   372048.281      -136684.562    
  -136684.562       67198.1328    
   344790.281      -131771.844    
  -131771.844       67222.1484    
   320501.719      -127188.711    
  -127188.711       67194.7031    
   298815.688      -122915.203    
  -122915.203       67121.6719    
   279419.281      -118933.109    
  -118933.109       67009.1250    
   262040.016      -115224.359    
  -115224.359       66862.7734    
   246440.812      -111771.453    
  -111771.453       66687.9766    
   232413.688      -108557.289    
  -108557.289       66489.6328    
   219776.875      -105565.461    
  -105565.461       66272.2422    
   208371.281      -102780.375    
  -102780.375       66039.8594    
   198056.812      -100186.906    
  -100186.906       65795.9219    
   188711.125      -97771.1094    
  -97771.1094       65543.5938    
   180226.359      -95519.6250    
  -95519.6250       65285.5664    
   172508.500      -93420.2266    
  -93420.2266       65024.2227    
   165474.016      -91461.1953    
  -91461.1953       64761.4609    
   159050.000      -89631.8672    
  -89631.8672       64498.9766    
   153172.234      -87922.3672    
  -87922.3672       64238.1836    
   147784.016      -86323.5391    
  -86323.5391       63980.2188    
   142835.281      -84826.8906    
  -84826.8906       63726.0508    
   138281.719      -83424.6641    
  -83424.6641       63476.3398    
   134084.406      -82109.7500    
  -82109.7500       63231.7734    
   130208.648      -80875.5781    
  -80875.5781       62992.7930    
   126623.461      -79716.0547    
  -79716.0547       62759.6992    
   123301.867      -78625.7969    
  -78625.7969       62532.8047    
   120219.336      -77599.6406    
  -77599.6406       62312.2031    
   117354.234      -76633.0078    
  -76633.0078       62098.0352    
   114687.172      -75721.6094    
  -75721.6094       61890.3242    
   112200.766      -74861.5000    
  -74861.5000       61689.0625    
   109879.586      -74049.1562    
  -74049.1562       61494.2070    
   107709.633      -73281.2578    
  -73281.2578       61305.6953    
   105678.352      -72554.7500    
  -72554.7500       61123.3867    
   103774.570      -71866.9375    
  -71866.9375       60947.2227    
   101987.945      -71215.1328    
  -71215.1328       60776.9883    
   100309.500      -70597.1172    
  -70597.1172       60612.6367    
   98730.6328      -70010.5938    
  -70010.5938       60453.9023    
   97243.9844      -69453.5938    
  -69453.5938       60300.7031    
   95842.5625      -68924.2422    
  -68924.2422       60152.8359    
   94520.3203      -68420.9141    
  -68420.9141       60010.1680    
   93271.3672      -67941.9141    
  -67941.9141       59872.4766    
   92090.7656      -67485.8828    
  -67485.8828       59739.6680    
   90973.5547      -67051.3672    
  -67051.3672       59611.5469    
   89915.5234      -66637.1484    
  -66637.1484       59487.9375    
   88912.6562      -66242.0703    
  -66242.0703       59368.6992    
   87961.3281      -65864.9766    
  -65864.9766       59253.6680    
   87058.2188      -65504.9336    
  -65504.9336       59142.6953    
   86200.2500      -65160.9688    
  -65160.9688       59035.6641    
   85384.4766      -64832.1445    
  -64832.1445       58932.3633    
   84608.4219      -64517.7344    
  -64517.7344       58832.7148    
   83869.6250      -64216.9219    
  -64216.9219       58736.5625    
   83165.8281      -63928.9961    
  -63928.9961       58643.7891    
   82495.0234      -63653.3125    
  -63653.3125       58554.2930    
   81855.1875      -63389.1875    
  -63389.1875       58467.8750    
   81244.6406      -63136.0859    
  -63136.0859       58384.4922    
   80661.6016      -62893.3828    
  -62893.3828       58303.9883    
   80104.7344      -62660.6797    
  -62660.6797       58226.3203    
   79572.4062      -62437.3828    
  -62437.3828       58151.2891    
   79063.4609      -62223.1211    
  -62223.1211       58078.9141    
   78576.4531      -62017.3555    
  -62017.3555       58008.9805    
   78110.3672      -61819.7773    
  -61819.7773       57941.4609    
   77664.0391      -61629.9570    
  -61629.9570       57876.2695    
   77236.4844      -61447.5430    
  -61447.5430       57813.2773    
   76826.7812      -61272.2305    
  -61272.2305       57752.4883    
   76434.0000      -61103.6562    
  -61103.6562       57693.7266    
   76057.2500      -60941.5000    
  -60941.5000       57636.9648    
   75695.7422      -60785.4844    
  -60785.4844       57582.0977    
   75348.9219      -60635.4258    
  -60635.4258       57529.1445    
   75015.8984      -60490.9727    
  -60490.9727       57477.9570    
   74696.0156      -60351.8594    
  -60351.8594       57428.4531    
   74388.7266      -60217.9336    
  -60217.9336       57380.6328    
   74093.4375      -60088.9258    
  -60088.9258       57334.3984    
   73809.6797      -59964.6914    
  -59964.6914       57289.7461    
   73536.7578      -59844.9453    
  -59844.9453       57246.5586    
   73274.2734      -59729.5508    
  -59729.5508       57204.8047    
   73021.8047      -59618.3398    
  -59618.3398       57164.4453    
   72778.8125      -59511.0898    
  -59511.0898       57125.4062    
   72544.9219      -59407.6641    
  -59407.6641       57087.6406    
   72319.8359      -59307.9883    
  -59307.9883       57051.1719    
   72102.9844      -59211.7617    
  -59211.7617       57015.8594    
   71894.1797      -59118.9570    
  -59118.9570       56981.7148    
   71693.0078      -59029.3867    
  -59029.3867       56948.6758    
   71499.1484      -58942.9570    
  -58942.9570       56916.7266    
   71312.3750      -58859.5664    
  -58859.5664       56885.8438    
   71132.3281      -58779.0625    
  -58779.0625       56855.9609    
   70958.6641      -58701.2852    
  -58701.2852       56827.0117    
   70791.2734      -58626.2344    
  -58626.2344       56799.0234    
   70629.8438      -58553.7500    
  -58553.7500       56771.9492    
   70474.1016      -58483.7344    
  -58483.7344       56745.7617    
   70323.8594      -58416.1133    
  -58416.1133       56720.4062    
   70178.8516      -58350.7656    
  -58350.7656       56695.8477    
   70038.9844      -58287.6562    
  -58287.6562       56672.1172    
   69903.9531      -58226.6680    
  -58226.6680       56649.1289    
   69773.5938      -58167.7383    
  -58167.7383       56626.8906    
   69647.7422      -58110.7852    
  -58110.7852       56605.3594    
   69526.2422      -58055.7305    
  -58055.7305       56584.5117    
   69408.8672      -58002.4961    
  -58002.4961       56564.3281    
   69295.5547      -57951.0664    
  -57951.0664       56544.8203    
   69186.0781      -57901.3203    
  -57901.3203       56525.9062    
   69080.3125      -57853.2305    
  -57853.2305       56507.6055    
   68978.1172      -57806.7227    
  -57806.7227       56489.8750    
   68879.4141      -57761.7617    
  -57761.7617       56472.7227    
   68783.9766      -57718.2539    
  -57718.2539       56456.0938    
   68691.7734      -57676.1836    
  -57676.1836       56439.9961    
   68602.6250      -57635.4805    
  -57635.4805       56424.4219    
   68516.4922      -57596.1406    
  -57596.1406       56409.3320    
   68433.2422      -57558.0742    
  -57558.0742       56394.7539    
   68352.6797      -57521.2109    
  -57521.2109       56380.5742    
   68274.8438      -57485.5703    
  -57485.5703       56366.8672    
   68199.5547      -57451.0898    
  -57451.0898       56353.6133    
   68126.7500      -57417.7109    
  -57417.7109       56340.7656    
   68056.3672      -57385.4336    
  -57385.4336       56328.3203    
   67988.2188      -57354.1602    
  -57354.1602       56316.2539    
   67922.3594      -57323.9023    
  -57323.9023       56304.5742    
   67858.6641      -57294.6562    
  -57294.6562       56293.2734    
   67797.0234      -57266.3203    
  -57266.3203       56282.3203    
   67737.3828      -57238.8867    
  -57238.8867       56271.7070    
   67679.6797      -57212.3398    
  -57212.3398       56261.4180    
   67623.8828      -57186.6523    
  -57186.6523       56251.4727    
   67569.8828      -57161.7969    
  -57161.7969       56241.8438    
   67517.5859      -57137.6953    
  -57137.6953       56232.4922    
   67466.9766      -57114.3711    
  -57114.3711       56223.4336    
   67418.0391      -57091.8086    
  -57091.8086       56214.6719    
   67370.6328      -57069.9258    
  -57069.9258       56206.1523    
   67324.7734      -57048.7656    
  -57048.7656       56197.9375    
   67280.3828      -57028.2695    
  -57028.2695       56189.9570    
   67237.3984      -57008.4141    
  -57008.4141       56182.2266    
   67195.7891      -56989.1875    
  -56989.1875       56174.7422    
   67155.5312      -56970.5938    
  -56970.5938       56167.4922    
   67116.4922      -56952.5312    
  -56952.5312       56160.4336    
   67078.7734      -56935.0859    
  -56935.0859       56153.6484    
   67042.1953      -56918.1680    
  -56918.1680       56147.0391    
   67006.8672      -56901.8281    
  -56901.8281       56140.6719    
   66972.5391      -56885.9102    
  -56885.9102       56134.4297    
   66939.3984      -56870.5859    
  -56870.5859       56128.4492    
   66907.3125      -56855.7227    
  -56855.7227       56122.6484    
   66876.1641      -56841.2773    
  -56841.2773       56116.9922    
   66846.0156      -56827.3281    
  -56827.3281       56111.5508    
   66816.8359      -56813.7891    
  -56813.7891       56106.2422    
   66788.6016      -56800.7109    
  -56800.7109       56101.1211    
   66761.2266      -56788.0078    
  -56788.0078       56096.1445    
   66734.7344      -56775.7383    
  -56775.7383       56091.3594    
   66709.0391      -56763.8008    
  -56763.8008       56086.6641    
   66684.1641      -56752.2617    
  -56752.2617       56082.1484    
   66660.0859      -56741.0664    
  -56741.0664       56077.7422    
   66636.7422      -56730.2344    
  -56730.2344       56073.5078    
   66614.1562      -56719.7539    
  -56719.7539       56069.4062    
   66592.2500      -56709.5703    
  -56709.5703       56065.3906    
   66571.0469      -56699.7266    
  -56699.7266       56061.5273    
   66550.5312      -56690.2070    
  -56690.2070       56057.8086    
   66530.6016      -56680.9375    
  -56680.9375       56054.1562    
   66511.3125      -56671.9727    
  -56671.9727       56050.6406    
   66492.6562      -56663.3008    
  -56663.3008       56047.2344    
   66474.5078      -56654.8594    
  -56654.8594       56043.9023    
   66457.0234      -56646.7383    
  -56646.7383       56040.7227    
   66440.0469      -56638.8438    
  -56638.8438       56037.6055    
   66423.5625      -56631.1719    
  -56631.1719       56034.5898    
   66407.6172      -56623.7500    
  -56623.7500       56031.6797    
   66392.1328      -56616.5430    
  -56616.5430       56028.8359    
   66377.2109      -56609.6094    
  -56609.6094       56026.1133    
   66362.6719      -56602.8438    
  -56602.8438       56023.4570    
   66348.6094      -56596.3008    
  -56596.3008       56020.8750    
   66335.0234      -56589.9766    
  -56589.9766       56018.3867    
   66321.8281      -56583.8398    
  -56583.8398       56015.9727    
   66309.0312      -56577.8750    
  -56577.8750       56013.6250    
   66296.6406      -56572.1172    
  -56572.1172       56011.3555    
   66284.6172      -56566.5039    
  -56566.5039       56009.1289    
   66273.0234      -56561.1055    
  -56561.1055       56007.0156    
   66261.7031      -56555.8281    
  -56555.8281       56004.9336    
   66250.8203      -56550.7695    
  -56550.7695       56002.9609    
   66240.1953      -56545.8125    
  -56545.8125       56000.9805    
   66229.9531      -56541.0391    
  -56541.0391       55999.1016    
   66219.9844      -56536.3906    
  -56536.3906       55997.2578    
   66210.3516      -56531.9023    
  -56531.9023       55995.4922    
   66201.0547      -56527.5781    
  -56527.5781       55993.8008    
   66191.9609      -56523.3398    
  -56523.3398       55992.1250    
   66183.2031      -56519.2695    
  -56519.2695       55990.5195    
   66174.7031      -56515.2969    
  -56515.2969       55988.9453    
   66166.5000      -56511.4688    
  -56511.4688       55987.4453    
   66158.4844      -56507.7266    
  -56507.7266       55985.9648    
   66150.7422      -56504.1211    
  -56504.1211       55984.5547    
   66143.2188      -56500.6133    
  -56500.6133       55983.1445    
   66135.9922      -56497.2461    
  -56497.2461       55981.8320    
   66128.9531      -56493.9688    
  -56493.9688       55980.5508    
   66122.0859      -56490.7656    
  -56490.7656       55979.2812    
   66115.4766      -56487.6758    
  -56487.6758       55978.0547    
   66109.0703      -56484.6953    
  -56484.6953       55976.8789    
   66102.8828      -56481.8047    
  -56481.8047       55975.7422    
   66096.8438      -56478.9844    
  -56478.9844       55974.6133    
   66090.9844      -56476.2461    
  -56476.2461       55973.5352    
   66085.3359      -56473.6289    
  -56473.6289       55972.5117    
   66079.8438      -56471.0547    
  -56471.0547       55971.4883    
   66074.5625      -56468.6055    
  -56468.6055       55970.5352    
   66069.3672      -56466.1641    
  -56466.1641       55969.5469    
   66064.3672      -56463.8359    
  -56463.8359       55968.6367    
   66059.5703      -56461.6016    
  -56461.6016       55967.7656    
   66054.8750      -56459.4062    
  -56459.4062       55966.8906    
   66050.3438      -56457.3047    
  -56457.3047       55966.0664    
   66045.8984      -56455.2266    
  -56455.2266       55965.2383    
   66041.6484      -56453.2383    
  -56453.2383       55964.4570    
   66037.4844      -56451.2969    
  -56451.2969       55963.6797    
   66033.5078      -56449.4453    
  -56449.4453       55962.9609    
   66029.6094      -56447.6250    
  -56447.6250       55962.2461    
   66025.8359      -56445.8633    
  -56445.8633       55961.5469    
   66022.1719      -56444.1445    
  -56444.1445       55960.8633    
   66018.6250      -56442.4961    
  -56442.4961       55960.2109    
   66015.1875      -56440.8789    
  -56440.8789       55959.5703    
   66011.8438      -56439.3242    
  -56439.3242       55958.9414    
   66008.6562      -56437.8359    
  -56437.8359       55958.3711    
   66005.5234      -56436.3828    
  -56436.3828       55957.7969    
   66002.5000      -56434.9648    
  -56434.9648       55957.2383    
   65999.5156      -56433.5703    
  -56433.5703       55956.6758    
   65996.6719      -56432.2500    
  -56432.2500       55956.1602    
   65993.9219      -56430.9570    
  -56430.9570       55955.6445    
   65991.2344      -56429.7031    
  -56429.7031       55955.1602    
   65988.6562      -56428.5039    
  -56428.5039       55954.6797    
   65986.1484      -56427.3398    
  -56427.3398       55954.2227    
   65983.6953      -56426.1836    
  -56426.1836       55953.7539    
   65981.3281      -56425.0820    
  -56425.0820       55953.3242    
   65979.0703      -56424.0312    
  -56424.0312       55952.9062    
   65976.8438      -56422.9883    
  -56422.9883       55952.5117    
   65974.6797      -56421.9727    
  -56421.9727       55952.1055    
   65972.6016      -56421.0117    
  -56421.0117       55951.7227    
   65970.5469      -56420.0469    
  -56420.0469       55951.3242    
   65968.6094      -56419.1484    
  -56419.1484       55950.9844    
   65966.7109      -56418.2578    
  -56418.2578       55950.6328    
   65964.8750      -56417.4023    
  -56417.4023       55950.2930    
   65963.0859      -56416.5625    
  -56416.5625       55949.9648    
   65961.3594      -56415.7617    
  -56415.7617       55949.6445    
   65959.6719      -56414.9688    
  -56414.9688       55949.3242    
   65958.0391      -56414.2070    
  -56414.2070       55949.0273    
   65956.4531      -56413.4688    
  -56413.4688       55948.7344    
   65954.9297      -56412.7500    
  -56412.7500       55948.4453    
   65953.4531      -56412.0547    
  -56412.0547       55948.1680    
   65952.0000      -56411.3789    
  -56411.3789       55947.8984    
   65950.6016      -56410.7422    
  -56410.7422       55947.6445    
   65949.2812      -56410.1094    
  -56410.1094       55947.4062    
   65947.9609      -56409.5000    
  -56409.5000       55947.1641    
   65946.6875      -56408.9062    
  -56408.9062       55946.9141    
   65945.4531      -56408.3320    
  -56408.3320       55946.6953    
   65944.2656      -56407.7695    
  -56407.7695       55946.4766    
   65943.1016      -56407.2266    
  -56407.2266       55946.2656    
   65942.0078      -56406.7148    
  -56406.7148       55946.0625    
   65940.8750      -56406.1797    
  -56406.1797       55945.8359    
   65939.8750      -56405.7383    
  -56405.7383       55945.6875    
   65938.8125      -56405.2148    
  -56405.2148       55945.4609    
   65937.8125      -56404.7539    
  -56404.7539       55945.2773    
   65936.9062      -56404.3359    
  -56404.3359       55945.1250    
   65935.9688      -56403.9062    
  -56403.9062       55944.9492    
   65935.0703      -56403.4805    
  -56403.4805       55944.7852    
   65934.1953      -56403.0898    
  -56403.0898       55944.6367    
   65933.3516      -56402.6836    
  -56402.6836       55944.4727    
   65932.5000      -56402.2852    
  -56402.2852       55944.3047    
   65931.7266      -56401.9180    
  -56401.9180       55944.1641    
   65930.9375      -56401.5469    
  -56401.5469       55944.0000    
   65930.1953      -56401.2070    
  -56401.2070       55943.8867    
   65929.4375      -56400.8398    
  -56400.8398       55943.7305    
   65928.7500      -56400.5234    
  -56400.5234       55943.6094    
   65928.0859      -56400.2227    
  -56400.2227       55943.4961    
   65927.4297      -56399.9180    
  -56399.9180       55943.3789    
   65926.7891      -56399.6094    
  -56399.6094       55943.2500    
   65926.1719      -56399.3320    
  -56399.3320       55943.1445    
   65925.5625      -56399.0391    
  -56399.0391       55943.0234    
   65924.9766      -56398.7578    
  -56398.7578       55942.9141    
   65924.4141      -56398.4961    
  -56398.4961       55942.8086    
   65923.8984      -56398.2734    
  -56398.2734       55942.7305    
   65923.3281      -56397.9961    
  -56397.9961       55942.6133    
   65922.7969      -56397.7422    
  -56397.7422       55942.5000    
   65922.3281      -56397.5273    
  -56397.5273       55942.4336    
   65921.8203      -56397.2969    
  -56397.2969       55942.3398    
   65921.3594      -56397.0703    
  -56397.0703       55942.2383    
   65920.8828      -56396.8398    
  -56396.8398       55942.1445    
   65920.4688      -56396.6562    
  -56396.6562       55942.0820    
   65920.0078      -56396.4453    
  -56396.4453       55941.9961    
   65919.6719      -56396.2969    
  -56396.2969       55941.9453    
   65919.2031      -56396.0625    
  -56396.0625       55941.8398    
   65918.8359      -56395.8906    
  -56395.8906       55941.7773    
   65918.4453      -56395.7070    
  -56395.7070       55941.7031    
   65918.0625      -56395.5273    
  -56395.5273       55941.6367    
   65917.7188      -56395.3789    
  -56395.3789       55941.5742    
   65917.4141      -56395.2344    
  -56395.2344       55941.5195    
   65917.0469      -56395.0586    
  -56395.0586       55941.4531    
   65916.7188      -56394.9023    
  -56394.9023       55941.3867    
   65916.4141      -56394.7578    
  -56394.7578       55941.3203    
   65916.1016      -56394.6211    
  -56394.6211       55941.2812    
   65915.8125      -56394.4922    
  -56394.4922       55941.2305    
   65915.5234      -56394.3438    
  -56394.3438       55941.1719    
   65915.2734      -56394.2383    
  -56394.2383       55941.1367    
   65915.0000      -56394.1094    
  -56394.1094       55941.0859    
   65914.7578      -56394.0039    
  -56394.0039       55941.0430    
   65914.4766      -56393.8555    
  -56393.8555       55940.9648    
   65914.2500      -56393.7617    
  -56393.7617       55940.9414    
   65914.0000      -56393.6328    
  -56393.6328       55940.8867    
   65913.7969      -56393.5469    
  -56393.5469       55940.8516    
   65913.5781      -56393.4414    
  -56393.4414       55940.8086    
   65913.3359      -56393.3281    
  -56393.3281       55940.7617    
   65913.1406      -56393.2344    
  -56393.2344       55940.7305    
   65912.9375      -56393.1406    
  -56393.1406       55940.6914    
   65912.7422      -56393.0586    
  -56393.0586       55940.6562    
   65912.5469      -56392.9531    
  -56392.9531       55940.6172    
   65912.3750      -56392.8711    
  -56392.8711       55940.5898    
   65912.1719      -56392.7773    
  -56392.7773       55940.5352    
   65911.9844      -56392.6953    
  -56392.6953       55940.5195    
   65911.8594      -56392.6367    
  -56392.6367       55940.4883    
