   69368272.0      -10836394.0    
   6516847.00      -1427991.75    
   710423.625      -184532.750    
   119438.695      -18526.7539    
   51848.0664       2415.15625    
   44351.7891       3677.17529    
   41034.5938       3525.28687    
   37999.1289       3346.33545    
   35169.5312       3169.32446    
   32539.2227       2996.32007    
   30101.2031       2828.58496    
   27846.9980       2667.13696    
   25767.2734       2512.63281    
   23851.8223       2365.56323    
   22090.1582       2226.18384    
   20471.8164       2094.48755    
   18986.1309       1970.50708    
   17623.0156       1854.01074    
   16372.5420       1744.83508    
   15225.5977       1642.57178    
   14173.2783       1546.97766    
   13207.4766       1457.68042    
   12320.6660       1374.28064    
   11505.8584       1296.43506    
   10756.6943       1223.74109    
   10067.2139       1155.93665    
   9432.16699       1092.61377    
   8846.71191       1033.44556    
   8306.29004       978.228516    
   7807.07617       926.552124    
   7345.34863       878.220825    
   6917.80713       832.997620    
   6521.48389       790.648743    
   6153.69434       750.956726    
   5812.02686       713.701294    
   5494.23096       678.740662    
   5198.27979       645.931152    
   4922.44141       615.050903    
   4665.01758       586.011475    
   4424.59766       558.612976    
   4199.69385       532.852051    
   3989.17969       508.530090    
   3791.87476       485.601379    
   3606.82251       463.920837    
   3433.02100       443.467102    
   3269.77271       424.035980    
   3116.13477       405.700378    
   2971.47192       388.332764    
   2835.16895       371.846252    
   2706.58032       356.229065    
   2585.21069       341.393951    
   2470.56421       327.284607    
   2362.10669       313.928223    
   2259.52515       301.188232    
   2162.37891       289.073303    
   2070.32349       277.536377    
   1983.05237       266.524628    
   1900.20276       256.063721    
   1821.56689       246.056198    
   1746.77844       236.572922    
   1675.74304       227.457596    
   1608.11487       218.796432    
   1543.81543       210.453735    
   1482.51318       202.537079    
   1424.10767       194.955688    
   1368.42151       187.701843    
   1315.30042       180.757233    
   1264.62292       174.087128    
   1216.22461       167.706757    
   1169.96558       161.613586    
   1125.73779       155.785095    
   1083.50024       150.149475    
   1043.08508       144.752228    
   1004.36890       139.612335    
   967.323914       134.657074    
   931.828186       129.915924    
   897.881775       125.303078    
   865.289734       120.925606    
   834.048462       116.709984    
   804.117004       112.628067    
   775.351135       108.750153    
   747.754028       105.008385    
   721.309448       101.362747    
   695.844727       97.9205856    
   671.439758       94.5537262    
   647.939148       91.3602066    
   625.356873       88.2799149    
   603.691101       85.2714691    
   582.854675       82.3738861    
   562.744873       79.6482468    
   543.458252       76.9620972    
   524.878662       74.3921051    
   506.988617       71.9192047    
   489.781860       69.5178375    
   473.187683       67.2279282    
   457.224579       64.9986725    
   441.835144       62.8598251    
   427.025177       60.7779732    
   412.731598       58.7888069    
   398.964081       56.8587837    
   385.673279       55.0143700    
   372.887207       53.2048874    
   360.540802       51.4728432    
   348.642242       49.7892494    
   337.146179       48.1820488    
   326.065979       46.6185379    
   315.352264       45.1270065    
   305.038635       43.6620865    
   295.063171       42.2673721    
   285.444366       40.9061737    
   276.183014       39.5675049    
   267.189728       38.3213120    
   258.527832       37.0959244    
   250.161652       35.9091568    
   242.083481       34.7612305    
   234.293671       33.6346970    
   226.727707       32.5848694    
   219.437454       31.5500221    
   212.401764       30.5411663    
   205.606033       29.5593472    
   199.007629       28.6415024    
   192.655228       27.7270374    
   186.518417       26.8383732    
   180.582016       25.9818840    
   174.828598       25.1673851    
   169.255737       24.3869095    
   163.907516       23.5920067    
   158.677216       22.8812981    
   153.656815       22.1530457    
   148.815125       21.4359283    
   144.080414       20.7915421    
   139.538116       20.1310520    
   135.152161       19.4829693    
   130.853363       18.9113960    
   126.760361       18.2915154    
   122.750526       17.7402782    
   118.933540       17.1450348    
   115.146439       16.6613045    
   111.546257       16.1272011    
   108.076691       15.5959854    
   104.676338       15.1238251    
   101.387367       14.6630249    
   98.2135162       14.2066765    
   95.1567612       13.7511330    
   92.1676102       13.3393106    
   89.3185120       12.8963528    
   86.4989929       12.5278587    
   83.8217239       12.1188736    
   81.1894531       11.7633133    
   78.6787491       11.3781919    
   76.2362289       11.0194798    
   73.8388290       10.7039404    
   71.5515289       10.3625927    
   69.3481598       10.0218077    
   67.1793060       9.72567177    
   65.0863342       9.43260574    
   63.0869141       9.12014580    
   61.1018753       8.86542034    
   59.2321320       8.56775475    
   57.3950806       8.30344963    
   55.6140213       8.05023956    
   53.8829002       7.80900669    
   52.1963196       7.58643103    
   50.6120224       7.32233429    
   49.0345993       7.10723352    
   47.5133629       6.89422894    
   46.0555725       6.67115259    
   44.6400108       6.45688868    
   43.2530785       6.26601124    
   41.9290733       6.06090450    
   40.6124878       5.89658928    
   39.3885231       5.68662930    
   38.1390648       5.54494429    
   36.9914398       5.34521961    
   35.8311920       5.20120049    
   34.7331276       5.03263569    
   33.6481323       4.89384222    
   32.6145554       4.73952627    
   31.6263657       4.57716131    
   30.6357975       4.45258856    
   29.7007408       4.30837440    
   28.7791138       4.18275261    
   27.9068851       4.04054546    
   27.0361805       3.92775989    
   26.2085915       3.80328298    
   25.3894520       3.69884849    
   24.6223297       3.57115602    
   23.8768673       3.45053053    
   23.1244755       3.36300755    
   22.4080753       3.26479387    
   21.7302647       3.15437841    
   21.0698395       3.05029488    
   20.4047146       2.97525930    
   19.7676868       2.89325213    
   19.1794624       2.78526402    
   18.5769501       2.71346998    
   18.0412846       2.59518528    
   17.4577618       2.54545879    
   16.9081059       2.47994518    
   16.4197311       2.37371492    
   15.9085970       2.30898070    
   15.4374943       2.22183466    
   14.9353790       2.18099332    
   14.4975271       2.09377980    
   14.0395660       2.04404664    
   13.6155071       1.97391677    
   13.1901112       1.92194653    
   12.7987595       1.84966791    
   12.3953352       1.80305254    
   12.0213232       1.74344039    
   11.6565762       1.68510580    
   11.2753706       1.65807605    
   10.9409437       1.59619534    
   10.6156988       1.53585815    
   10.3086004       1.47142839    
   9.96637917       1.45218706    
   9.65378666       1.41429710    
   9.37215424       1.35712528    
   9.07769108       1.32377255    
   8.80327702       1.27905369    
   8.54011917       1.23324871    
   8.26420116       1.21015930    
   8.01260757       1.17226744    
   7.78407097       1.11898708    
   7.54731369       1.08270705    
   7.30012465       1.06656313    
   7.09119081       1.01921678    
   6.85882998       1.00260949    
   6.66182995      0.959423959    
   6.44429970      0.943800747    
   6.25915861      0.902272046    
   6.06122351      0.880294085    
   5.88414526      0.845447898    
   5.69591236      0.828340709    
   5.52691269      0.797721982    
   5.35222435      0.779021144    
   5.19056940      0.751073301    
   5.02851248      0.733480752    
   4.85786486      0.727229238    
   4.72028303      0.693001032    
   4.58367538      0.664140642    
   4.44180489      0.645584464    
   4.30502701      0.626321375    
   4.15814209      0.622812748    
   4.04116058      0.593997717    
   3.91723561      0.574930072    
   3.81006932      0.546503901    
   3.66651249      0.555959225    
   3.60027337      0.492551357    
   3.44897628      0.518711925    
   3.33387709      0.512627602    
   3.26374078      0.467233866    
   3.16642380      0.448696673    
   3.06327939      0.440998733    
   2.98251128      0.414551497    
   2.89307332      0.400820941    
   2.77732420      0.415818751    
   2.70864773      0.385186702    
   2.60360718      0.396412671    
   2.55074668      0.356831729    
   2.44360948      0.373866171    
   2.37923193      0.352908939    
   2.31172371      0.336831391    
   2.25410795      0.313470602    
   2.17773366      0.310645819    
   2.12308693      0.289349109    
   2.04301691      0.296257615    
   1.97607446      0.290721297    
   1.91493523      0.283731043    
   1.88333654      0.247189522    
   1.79466581      0.271216094    
   1.73316145      0.269440114    
   1.69592369      0.245540917    
   1.63594615      0.245041966    
   1.59698689      0.226537853    
   1.52530432      0.243519574    
   1.50592351      0.208305866    
   1.42927599      0.232298672    
   1.43971980      0.171216115    
   1.34165204      0.219628304    
   1.32138062      0.193061590    
   1.26997101      0.198887482    
   1.23363030      0.188517630    
   1.20011377      0.177942380    
   1.16912496      0.167465702    
   1.13028705      0.164422899    
   1.08197939      0.173345610    
   1.05680728      0.161558196    
   1.01877856      0.162423611    
   1.00311780      0.140814036    
  0.958753943      0.149476722    
  0.948696852      0.126784354    
  0.922966421      0.120057240    
  0.902209044      0.110127613    
  0.849577188      0.131857902    
  0.835237801      0.115511522    
  0.800465465      0.121449307    
  0.798144519       9.58157927E-02
  0.757959902      0.109186053    
  0.736336470      0.104979403    
  0.714277923      0.100656778    
  0.696118534       9.38178152E-02
  0.676450551       8.88903141E-02
  0.646370530       9.58557352E-02
  0.640092969       7.95271173E-02
  0.609362125       8.86911377E-02
  0.572006524      0.104681857    
  0.594934940       6.01163208E-02
