   2.00000000       10.0000000    
   2.00658512       6.84842443    
   2.02715611       4.95412397    
   2.08206582       4.05095482    
   2.18521380       3.84256840    
   2.31175065       3.87780619    
   2.44112015       3.93257093    
   2.57068729       3.98503208    
   2.69992161       4.03481245    
   2.82837200       4.08197880    
   2.95562840       4.12661886    
   3.08132339       4.16883087    
   3.20513368       4.20872068    
   3.32677960       4.24639797    
   3.44602418       4.28197575    
   3.56267095       4.31556702    
   3.67656159       4.34728241    
   3.78757310       4.37723112    
   3.89561462       4.40551758    
   4.00062370       4.43224382    
   4.10256338       4.45750475    
   4.20141888       4.48139191    
   4.29719496       4.50399208    
   4.38991165       4.52538538    
   4.47960377       4.54564857    
   4.56631660       4.56485176    
   4.65010500       4.58306217    
   4.73103142       4.60034180    
   4.80916405       4.61674738    
   4.88457537       4.63233423    
   4.95734072       4.64715147    
   5.02753782       4.66124535    
   5.09524536       4.67465973    
   5.16054344       4.68743467    
   5.22351074       4.69960785    
   5.28422689       4.71121407    
   5.34276915       4.72228527    
   5.39921427       4.73285294    
   5.45363712       4.74294424    
   5.50611067       4.75258636    
   5.55670643       4.76180267    
   5.60549355       4.77061701    
   5.65253925       4.77905035    
   5.69790840       4.78712320    
   5.74166393       4.79485369    
   5.78386593       4.80226040    
   5.82457352       4.80935860    
   5.86384296       4.81616449    
   5.90172815       4.82269239    
   5.93828154       4.82895565    
   5.97355318       4.83496761    
   6.00759172       4.84074020    
   6.04044342       4.84628391    
   6.07215261       4.85161066    
   6.10276222       4.85672998    
   6.13231325       4.86165142    
   6.16084528       4.86638403    
   6.18839598       4.87093592    
   6.21500158       4.87531567    
   6.24069738       4.87952995    
   6.26551676       4.88358736    
   6.28949213       4.88749361    
   6.31265402       4.89125633    
   6.33503199       4.89487982    
   6.35665464       4.89837122    
   6.37754965       4.90173578    
   6.39774323       4.90497875    
   6.41726017       4.90810537    
   6.43612480       4.91111994    
   6.45436049       4.91402674    
   6.47199011       4.91683054    
   6.48903465       4.91953611    
   6.50551462       4.92214632    
   6.52145004       4.92466450    
   6.53686047       4.92709541    
   6.55176401       4.92944193    
   6.56617785       4.93170786    
   6.58011961       4.93389511    
   6.59360552       4.93600750    
   6.60665131       4.93804789    
   6.61927176       4.94001818    
   6.63148212       4.94192171    
   6.64329576       4.94376135    
   6.65472651       4.94553804    
   6.66578770       4.94725561    
   6.67649126       4.94891500    
   6.68685007       4.95051908    
   6.69687510       4.95207024    
   6.70657778       4.95356941    
   6.71596909       4.95501804    
   6.72505903       4.95641947    
   6.73385811       4.95777464    
   6.74237585       4.95908499    
   6.75062180       4.96035242    
   6.75860453       4.96157789    
   6.76633310       4.96276379    
   6.77381563       4.96391058    
   6.78106070       4.96502018    
   6.78807545       4.96609354    
   6.79486799       4.96713209    
   6.80144548       4.96813679    
   6.80781460       4.96910954    
   6.81398249       4.97005033    
   6.81995583       4.97096109    
   6.82574081       4.97184229    
   6.83134317       4.97269535    
   6.83676910       4.97352076    
   6.84202433       4.97431993    
   6.84711456       4.97509336    
   6.85204506       4.97584248    
   6.85682058       4.97656775    
   6.86144638       4.97726917    
   6.86592722       4.97794867    
   6.87026787       4.97860670    
   6.87447262       4.97924376    
   6.87854624       4.97986078    
   6.88249254       4.98045778    
   6.88631535       4.98103619    
   6.89001894       4.98159647    
   6.89360714       4.98213911    
   6.89708328       4.98266411    
   6.90045118       4.98317289    
   6.90371418       4.98366594    
   6.90687561       4.98414326    
   6.90993881       4.98460531    
   6.91290712       4.98505306    
   6.91578293       4.98548698    
   6.91856956       4.98590660    
   6.92126989       4.98631382    
   6.92388630       4.98670816    
   6.92642164       4.98708963    
   6.92887831       4.98745966    
   6.93125868       4.98781824    
   6.93356562       4.98816490    
   6.93580103       4.98850155    
   6.93796730       4.98882723    
   6.94006634       4.98914337    
   6.94210052       4.98944855    
   6.94407177       4.98974514    
   6.94598246       4.99003267    
   6.94783401       4.99031067    
   6.94962835       4.99058008    
   6.95136738       4.99084139    
   6.95305252       4.99109459    
   6.95468569       4.99133968    
   6.95626831       4.99157763    
   6.95780230       4.99180746    
   6.95928907       4.99203062    
   6.96073008       4.99224663    
   6.96212673       4.99245644    
   6.96348000       4.99265957    
   6.96479177       4.99285603    
   6.96606302       4.99304676    
   6.96729517       4.99323177    
   6.96848965       4.99341059    
   6.96964741       4.99358416    
   6.97076941       4.99375248    
   6.97185707       4.99391508    
   6.97291088       4.99407339    
   6.97393227       4.99422646    
   6.97492266       4.99437475    
   6.97588253       4.99451828    
   6.97681284       4.99465752    
   6.97771454       4.99479294    
   6.97858858       4.99492359    
   6.97943544       4.99505043    
   6.98025656       4.99517345    
   6.98105240       4.99529266    
   6.98182392       4.99540806    
   6.98257160       4.99552011    
   6.98329639       4.99562836    
   6.98399878       4.99573374    
   6.98467970       4.99583530    
   6.98533964       4.99593449    
   6.98597956       4.99602985    
   6.98659992       4.99612284    
   6.98720121       4.99621248    
   6.98778391       4.99629974    
   6.98834896       4.99638462    
   6.98889637       4.99646616    
   6.98942709       4.99654579    
   6.98994160       4.99662256    
   6.99044037       4.99669743    
   6.99092388       4.99676943    
   6.99139261       4.99683952    
   6.99184704       4.99690723    
   6.99228716       4.99697351    
   6.99271393       4.99703741    
   6.99312782       4.99709892    
   6.99352884       4.99715900    
   6.99391747       4.99721718    
   6.99429417       4.99727345    
   6.99465942       4.99732780    
   6.99501371       4.99738073    
   6.99535704       4.99743223    
   6.99568987       4.99748182    
   6.99601221       4.99753046    
   6.99632502       4.99757671    
   6.99662828       4.99762201    
   6.99692202       4.99766636    
   6.99720669       4.99770880    
   6.99748278       4.99775028    
   6.99775028       4.99778986    
   6.99800968       4.99782896    
   6.99826097       4.99786615    
   6.99850464       4.99790287    
   6.99874115       4.99793816    
   6.99897051       4.99797249    
   6.99919271       4.99800539    
   6.99940777       4.99803782    
   6.99961662       4.99806881    
   6.99981880       4.99809885    
   7.00001478       4.99812841    
   7.00020504       4.99815702    
   7.00038958       4.99818468    
   7.00056839       4.99821091    
   7.00074148       4.99823666    
   7.00090933       4.99826193    
   7.00107193       4.99828625    
   7.00122976       4.99831009    
   7.00138283       4.99833298    
   7.00153112       4.99835491    
   7.00167465       4.99837637    
   7.00181389       4.99839735    
   7.00194883       4.99841738    
   7.00207996       4.99843693    
   7.00220680       4.99845600    
   7.00232983       4.99847412    
   7.00244904       4.99849224    
   7.00256491       4.99850941    
   7.00267696       4.99852610    
   7.00278568       4.99854231    
   7.00289106       4.99855804    
   7.00299311       4.99857330    
   7.00309229       4.99858809    
   7.00318813       4.99860239    
   7.00328112       4.99861622    
   7.00337124       4.99862957    
   7.00345850       4.99864244    
   7.00354338       4.99865532    
   7.00362539       4.99866772    
   7.00370502       4.99867964    
   7.00378227       4.99869108    
   7.00385714       4.99870205    
   7.00392962       4.99871302    
   7.00400019       4.99872351    
   7.00406837       4.99873400    
   7.00413465       4.99874353    
   7.00419855       4.99875355    
   7.00426054       4.99876213    
   7.00432062       4.99877119    
   7.00437880       4.99878025    
   7.00443554       4.99878883    
   7.00449038       4.99879694    
   7.00454378       4.99880505    
   7.00459528       4.99881268    
   7.00464535       4.99881983    
   7.00469398       4.99882746    
   7.00474119       4.99883413    
   7.00478697       4.99884129    
   7.00483131       4.99884748    
   7.00487423       4.99885416    
   7.00491571       4.99886036    
   7.00495577       4.99886656    
   7.00499487       4.99887228    
   7.00503254       4.99887800    
   7.00506926       4.99888325    
   7.00510454       4.99888849    
   7.00513887       4.99889374    
   7.00517225       4.99889898    
   7.00520468       4.99890327    
   7.00523615       4.99890804    
   7.00526667       4.99891281    
   7.00529623       4.99891710    
   7.00532484       4.99892139    
   7.00535250       4.99892521    
   7.00537920       4.99892950    
   7.00540543       4.99893332    
   7.00543070       4.99893761    
   7.00545502       4.99894047    
   7.00547886       4.99894428    
   7.00550175       4.99894762    
   7.00552416       4.99895096    
   7.00554562       4.99895430    
   7.00556660       4.99895763    
   7.00558710       4.99896049    
   7.00560665       4.99896336    
   7.00562572       4.99896622    
   7.00564432       4.99896908    
   7.00566244       4.99897194    
   7.00567961       4.99897432    
   7.00569630       4.99897718    
   7.00571251       4.99897957    
   7.00572824       4.99898195    
   7.00574350       4.99898386    
   7.00575829       4.99898624    
   7.00577259       4.99898815    
   7.00578642       4.99899054    
   7.00579977       4.99899244    
   7.00581312       4.99899435    
   7.00582600       4.99899626    
   7.00583839       4.99899817    
   7.00585032       4.99900007    
   7.00586176       4.99900150    
   7.00587320       4.99900341    
   7.00588417       4.99900484    
   7.00589466       4.99900627    
   7.00590515       4.99900818    
 # valores estimados da profundidade(z) e do raio(a), em quilômetros (km), respectivamente:   7.00590515       4.99900818    
