   1899636.88    
   152588.500    
   11534.1846    
   2403.15527    
   2038.84094    
   1868.69031    
   1701.00256    
   1545.91870    
   1403.29590    
   1272.63135    
   1153.31921    
   1044.68481    
   946.012939    
   856.572327    
   775.633972    
   702.485779    
   636.444702    
   576.863586    
   523.136108    
   474.699554    
   431.035095    
   391.668610    
   356.167297    
   324.139618    
   295.231140    
   269.123291    
   245.528870    
   224.190689    
   204.878021    
   187.384506    
   171.525574    
   157.136200    
   144.068756    
   132.191360    
   121.386024    
   111.547333    
   102.581024    
   94.4024353    
   86.9361267    
   80.1141281    
   73.8758011    
   68.1664200    
   62.9370117    
   58.1434326    
   53.7460480    
   49.7090530    
   46.0002441    
   42.5904884    
   39.4535675    
   36.5656204    
   33.9052887    
   31.4529552    
   29.1910801    
   27.1035671    
   25.1758804    
   23.3947639    
   21.7481785    
   20.2252331    
   18.8158550    
   17.5109844    
   16.3022442    
   15.1820459    
   14.1434565    
   13.1801329    
   12.2862253    
   11.4563999    
   10.6857271    
   9.96973610    
   9.30434227    
   8.68570995    
   8.11035347    
   7.57508945    
   7.07693768    
   6.61322832    
   6.18139076    
   5.77915668    
   5.40436554    
   5.05508232    
   4.72944546    
   4.42580700    
   4.14261246    
   3.87839389    
   3.63183880    
   3.40172553    
   3.18689370    
   2.98629570    
   2.79894590    
   2.62393785    
   2.46041846    
   2.30763149    
   2.16481900    
   2.03132010    
   1.90649629    
   1.78976762    
   1.68061495    
   1.57850015    
   1.48297584    
   1.39359283    
   1.30994749    
   1.23165834    
   1.15838480    
   1.08978438    
   1.02555633    
  0.965406001    
  0.909087598    
  0.856339037    
  0.806922972    
  0.760635912    
  0.717276216    
  0.676638186    
  0.638563514    
  0.602880180    
  0.569442391    
  0.538092077    
  0.508714318    
  0.481164098    
  0.455338627    
  0.431125343    
  0.408424795    
  0.387130409    
  0.367169768    
  0.348443806    
  0.330880761    
  0.314407259    
  0.298957288    
  0.284460127    
  0.270859390    
  0.258105606    
  0.246130735    
  0.234898388    
  0.224359617    
  0.214469969    
  0.205186933    
  0.196481362    
  0.188305557    
  0.180634752    
  0.173433557    
  0.166678995    
  0.160333335    
  0.154378399    
  0.148788914    
  0.143540055    
  0.138611838    
  0.133987278    
  0.129646301    
  0.125567958    
  0.121741787    
  0.118147768    
  0.114775337    
  0.111602940    
  0.108628251    
  0.105835944    
  0.103210554    
  0.100747094    
   9.84331295E-02
   9.62626263E-02
   9.42203701E-02
   9.23040658E-02
   9.05054808E-02
   8.88128281E-02
   8.72262791E-02
   8.57326910E-02
   8.43328312E-02
   8.30170810E-02
   8.17808360E-02
   8.06217864E-02
   7.95314610E-02
   7.85062388E-02
   7.75442049E-02
   7.66402707E-02
   7.57917687E-02
   7.49944448E-02
   7.42457137E-02
   7.35412538E-02
   7.28805363E-02
   7.22580701E-02
   7.16767088E-02
   7.11273476E-02
   7.06122816E-02
   7.01293275E-02
   6.96748793E-02
   6.92470148E-02
   6.88464120E-02
   6.84689358E-02
   6.81149364E-02
   6.77822530E-02
   6.74693808E-02
   6.71760365E-02
   6.69008568E-02
   6.66403472E-02
   6.63978755E-02
   6.61681071E-02
   6.59537837E-02
   6.57522753E-02
   6.55615330E-02
   6.53835461E-02
   6.52146935E-02
   6.50576204E-02
   6.49094135E-02
   6.47708550E-02
   6.46406040E-02
   6.45182133E-02
   6.44018352E-02
   6.42934293E-02
   6.41925633E-02
   6.40958101E-02
   6.40063286E-02
   6.39220998E-02
   6.38412982E-02
   6.37690276E-02
   6.36979118E-02
   6.36319518E-02
   6.35707304E-02
   6.35119602E-02
   6.34574369E-02
   6.34055808E-02
   6.33566827E-02
   6.33120015E-02
   6.32699430E-02
   6.32299259E-02
   6.31915778E-02
   6.31569251E-02
   6.31245524E-02
   6.30922019E-02
   6.30624592E-02
   6.30362779E-02
   6.30092323E-02
   6.29847795E-02
   6.29620850E-02
   6.29415289E-02
   6.29200712E-02
   6.29012287E-02
   6.28836676E-02
   6.28677905E-02
   6.28518760E-02
   6.28365725E-02
   6.28220513E-02
   6.28096908E-02
   6.27974868E-02
   6.27851859E-02
   6.27746582E-02
   6.27643168E-02
   6.27544820E-02
   6.27460107E-02
   6.27379343E-02
   6.27288520E-02
   6.27226755E-02
   6.27156571E-02
   6.27079830E-02
   6.27024099E-02
   6.26964867E-02
   6.26918674E-02
   6.26854822E-02
   6.26803115E-02
   6.26764894E-02
   6.26723170E-02
   6.26685470E-02
   6.26636595E-02
   6.26605749E-02
   6.26574904E-02
   6.26535416E-02
   6.26510754E-02
   6.26483783E-02
   6.26462251E-02
   6.26434982E-02
   6.26406968E-02
   6.26389012E-02
   6.26368821E-02
   6.26352951E-02
   6.26323670E-02
   6.26315773E-02
   6.26298934E-02
   6.26290292E-02
   6.26264438E-02
   6.26258552E-02
   6.26245439E-02
   6.26230538E-02
   6.26219586E-02
   6.26209676E-02
   6.26196936E-02
   6.26196191E-02
   6.26194477E-02
   6.26176298E-02
   6.26160204E-02
   6.26160055E-02
   6.26151636E-02
   6.26143515E-02
   6.26144484E-02
   6.26145974E-02
   6.26130775E-02
   6.26116917E-02
   6.26122952E-02
   6.26122355E-02
   6.26114607E-02
   6.26113713E-02
   6.26107752E-02
   6.26107454E-02
   6.26093000E-02
   6.26092702E-02
   6.26105964E-02
   6.26091659E-02
   6.26092628E-02
   6.26087338E-02
   6.26089051E-02
   6.26084805E-02
   6.26082569E-02
   6.26089126E-02
   6.26070872E-02
