   1.61236215       1.42632043    
   1.97277260       1.69426346    
   2.46596575       2.03079534    
   3.16388059       2.44753027    
   4.19214153       2.93449926    
   5.78226423       3.38960314    
   8.38428307       3.35371327    
   12.8988972      0.992222905    
   20.9607086      -10.4803543    
   33.5371323      -46.9519882    
   41.9214172      -83.8428345    
   33.5371323      -46.9519882    
   20.9607086      -10.4803543    
   12.8988972      0.992222905    
   8.38428307       3.35371327    
   5.78226423       3.38960314    
   4.19214153       2.93449926    
   3.16388059       2.44753027    
   2.46596575       2.03079534    
   1.97277260       1.69426346    
   1.83851922       13.6927586    
   2.26824045       16.8586922    
   2.86802769       21.2557144    
   3.74083662       27.6087437    
   5.08091354       37.2579727    
   7.29091454       52.8933411    
   11.3191414       80.5027695    
   19.8484554       135.170959    
   42.9839706       257.523132    
   142.977112       350.485687    
   636.669495      -9566.33398    
   142.977112       350.485687    
   42.9839706       257.523132    
   19.8484554       135.170959    
   11.3191414       80.5027695    
   7.29091454       52.8933411    
   5.08091354       37.2579727    
   3.74083662       27.6087437    
   2.86802769       21.2557144    
   2.26824045       16.8586922    
   2.05821228       13.2528677    
   2.53876042       16.3035145    
   3.20915914       20.5318069    
   4.18403482       26.6231403    
   5.67923689       35.8336182    
   8.14088249       50.6492348    
   12.6144447       76.4647217    
   22.0302296       126.125404    
   47.1904602       227.728790    
   149.928284       172.913376    
   546.577637      -7119.27344    
   149.928284       172.913376    
   47.1904602       227.728790    
   22.0302296       126.125404    
   12.6144447       76.4647217    
   8.14088249       50.6492348    
   5.67923689       35.8336182    
   4.18403482       26.6231403    
   3.20915914       20.5318069    
   2.53876042       16.3035145    
   2.29191089       12.7737560    
   2.82628417       15.6974640    
   3.57130671       19.7392559    
   4.65372992       25.5399933    
   6.31165743       34.2607079    
   9.03535557       48.1561775    
   13.9665918       71.9498749    
   24.2681446       115.985855    
   51.2902260       195.054916    
   154.529434       11.2262173    
   469.620056      -5312.55029    
   154.529434       11.2262173    
   51.2902260       195.054916    
   24.2681446       115.985855    
   13.9665918       71.9498749    
   9.03535557       48.1561775    
   6.31165743       34.2607079    
   4.65372992       25.5399933    
   3.57130671       19.7392559    
   2.82628417       15.6974640    
   2.55149698       12.3527346    
   3.14535856       15.1597147    
   3.97266746       19.0272446    
   5.17329025       24.5511551    
   7.00916433       32.7944756    
   10.0170898       45.7691116    
   15.4374094       67.4835129    
   26.6558018       105.618294    
   55.4258385       161.459778    
   157.276443      -126.032249    
   405.910126      -4005.86133    
   157.276443      -126.032249    
   55.4258385       161.459778    
   26.6558018       105.618294    
   15.4374094       67.4835129    
   10.0170898       45.7691116    
   7.00916433       32.7944756    
   5.17329025       24.5511551    
   3.97266746       19.0272446    
   3.14535856       15.1597147    
   2.85702229       12.0901890    
   3.52054238       14.8124380    
   4.44398069       18.5473633    
   5.78222656       23.8491039    
   7.82423544       31.6860199    
   11.1586924       43.8262138    
   17.1325531       63.5384140    
   29.3560314       95.7219086    
   59.8635788       128.276596    
   159.015213      -237.006210    
   355.022125      -3079.06128    
   159.015213      -237.006210    
   59.8635788       128.276596    
   29.3560314       95.7219086    
   17.1325531       63.5384140    
   11.1586924       43.8262138    
   7.82423544       31.6860199    
   5.78222656       23.8491039    
   4.44398069       18.5473633    
   3.52054238       14.8124380    
   3.23247600       12.0524330    
   3.98114491       14.7348728    
   5.02180719       18.3954105    
   6.52729511       23.5507851    
   8.81850147       31.0786247    
   12.5443907       42.5002556    
   19.1718941       60.3072433    
   32.5454102       86.4571991    
   64.8645935       95.6447830    
   160.488113      -324.606659    
   315.549133      -2427.68579    
   160.488113      -324.606659    
   64.8645935       95.6447830    
   32.5454102       86.4571991    
   19.1718941       60.3072433    
   12.5443907       42.5002556    
   8.81850147       31.0786247    
   6.52729511       23.5507851    
   5.02180719       18.3954105    
   3.98114491       14.7348728    
   3.69986916       12.2525663    
   4.55388546       14.9398184    
   5.73917532       18.5818748    
   7.45018291       23.6597328    
   10.0457859       30.9578075    
   14.2452097       41.7313538    
   21.6500168       57.6146049    
   36.3436356       77.3662643    
   70.5396957       62.7532196    
   161.990997      -392.700287    
   285.270966      -1965.91052    
   161.990997      -392.700287    
   70.5396957       62.7532196    
   36.3436356       77.3662643    
   21.6500168       57.6146049    
   14.2452097       41.7313538    
   10.0457859       30.9578075    
   7.45018291       23.6597328    
   5.73917532       18.5818748    
   4.55388546       14.9398184    
   4.27484131       12.6548309    
   5.25743914       15.3792896    
   6.61862993       19.0396423    
   8.57833195       24.0772305    
   11.5394812       31.1692009    
   16.3006210       41.2602654    
   24.6076145       54.9931831    
   40.7657204       67.6001892    
   76.7747345       28.6685028    
   163.346878      -443.584717    
   261.719635      -1629.38074    
   163.346878      -443.584717    
   76.7747345       28.6685028    
   40.7657204       67.6001892    
   24.6076145       54.9931831    
   16.3006210       41.2602654    
   11.5394812       31.1692009    
   8.57833195       24.0772305    
   6.61862993       19.0396423    
   5.25743914       15.3792896    
   4.96499014       13.1921225    
   6.10034657       15.9664679    
   7.66954899       19.6524658    
   9.92140007       24.6409283    
   13.3076944       31.4744873    
   18.7116776       40.7177353    
   28.0218487       51.8492775    
   45.7119408       56.2885551    
   83.2527924      -6.83534575    
   164.125427      -477.879730    
   242.718521      -1374.14795    
   164.125427      -477.879730    
   83.2527924      -6.83534575    
   45.7119408       56.2885551    
   28.0218487       51.8492775    
   18.7116776       40.7177353    
   13.3076944       31.4744873    
   9.92140007       24.6409283    
   7.66954899       19.6524658    
   6.10034657       15.9664679    
   5.77023458       13.7848377    
   7.08145714       16.5993977    
   8.88869953       20.2857246    
   11.4720030       25.1667175    
   15.3343897       31.6121311    
   21.4431763       39.7208900    
   31.8119926       47.6350670    
   50.9883804       42.8747292    
   89.5434723      -42.8998871    
   163.906799      -495.816528    
   226.648544      -1172.45532    
   163.906799      -495.816528    
   89.5434723      -42.8998871    
   50.9883804       42.8747292    
   31.8119926       47.6350670    
   21.4431763       39.7208900    
   15.3343897       31.6121311    
   11.4720030       25.1667175    
   8.88869953       20.2857246    
   7.08145714       16.5993977    
   6.68428850       14.3554735    
   8.19175434       17.1794605    
   10.2625828       20.8106823    
   13.2088709       25.4820423    
   17.5839672       31.3461685    
   24.4312210       37.9506874    
   35.8545876       41.9801331    
   56.3456764       27.3094425    
   95.2135849      -77.7760696    
   162.449203      -498.446106    
   212.458893      -1007.68201    
   162.449203      -498.446106    
   95.2135849      -77.7760696    
   56.3456764       27.3094425    
   35.8545876       41.9801331    
   24.4312210       37.9506874    
   17.5839672       31.3461685    
   13.2088709       25.4820423    
   10.2625828       20.8106823    
   8.19175434       17.1794605    
   7.69643068       14.8378115    
   9.41657257       17.6231308    
   11.7703104       21.1201038    
   15.1007938       25.4477348    
   20.0071163       30.4984264    
   27.5929585       35.2014465    
   40.0025215       34.7620316    
   61.5229492       10.0668631    
   99.9185867      -109.396202    
   159.729630      -488.015656    
   199.545456      -870.076294    
   159.729630      -488.015656    
   99.9185867      -109.396202    
   61.5229492       10.0668631    
   40.0025215       34.7620316    
   27.5929585       35.2014465    
   20.0071163       30.4984264    
   15.1007938       25.4477348    
   11.7703104       21.1201038    
   9.41657257       17.6231308    
   8.79280567       15.1807442    
   10.7372675       17.8671017    
   13.3858471       21.1354027    
   17.1098270       24.9683228    
   22.5458317       28.9636383    
   30.8354282       31.4008942    
   44.1027260       26.1133499    
   66.2847900      -7.98962498    
   103.450310      -135.989822    
   155.896500      -467.606598    
   187.598801      -753.764587    
   155.896500      -467.606598    
   103.450310      -135.989822    
   66.2847900      -7.98962498    
   44.1027260       26.1133499    
   30.8354282       31.4008942    
   22.5458317       28.9636383    
   17.1098270       24.9683228    
   13.3858471       21.1354027    
   10.7372675       17.8671017    
   9.95700073       15.3485613    
   12.1320314       17.8689842    
   15.0792465       20.8080215    
   19.1933041       23.9943142    
   25.1369953       26.7119675    
   34.0624847       26.6067142    
   48.0101585       16.3790321    
   70.4456177      -25.8206692    
   105.740906      -156.482544    
   151.191788      -440.503815    
   176.476959      -654.927917    
   151.191788      -440.503815    
   105.740906      -156.482544    
   70.4456177      -25.8206692    
   48.0101585       16.3790321    
   34.0624847       26.6067142    
   25.1369953       26.7119675    
   19.1933041       23.9943142    
   15.0792465       20.8080215    
   12.1320314       17.8689842    
   11.1702280       15.3198605    
   13.5762691       17.6062241    
   16.8173885       20.1182384    
   21.3053036       22.5203362    
   27.7152958       23.7837982    
   37.1806297       20.9872093    
   51.5986023       6.04323721    
   73.8820190      -42.4279900    
   106.838791      -170.601883    
   145.883652      -409.679169    
   166.120163      -570.811707    
   145.883652      -409.679169    
   106.838791      -170.601883    
   73.8820190      -42.4279900    
   51.5986023       6.04323721    
   37.1806297       20.9872093    
   27.7152958       23.7837982    
   21.3053036       22.5203362    
   16.8173885       20.1182384    
   13.5762691       17.6062241    
   12.4116421       15.0865736    
   15.0431719       17.0749073    
   18.5650101       19.0733547    
   23.3984947       20.5813293    
   30.2165833       20.2795868    
   40.1048698       14.7911386    
   54.7691917      -4.35648775    
   76.5354004      -57.0214195    
   106.873489      -178.757172    
   140.223709      -377.520264    
   156.502777      -499.243134    
   140.223709      -377.520264    
   106.873489      -178.757172    
   76.5354004      -57.0214195    
   54.7691917      -4.35648775    
   40.1048698       14.7911386    
   30.2165833       20.2795868    
   23.3984947       20.5813293    
   18.5650101       19.0733547    
   15.0431719       17.0749073    
   13.6590624       14.6531496    
   16.5047913       16.2884121    
   20.2863617       17.7050476    
   25.4267387       18.2465210    
   32.5819016       16.3449535    
   42.7645836       8.31035900    
   57.4563408      -14.3119278    
   78.4071426      -69.1096420    
   106.020950      -181.809860    
   134.426804      -345.770142    
   147.609650      -438.409668    
   134.426804      -345.770142    
   106.020950      -181.809860    
   78.4071426      -69.1096420    
   57.4563408      -14.3119278    
   42.7645836       8.31035900    
   32.5819016       16.3449535    
   25.4267387       18.2465210    
   20.2863617       17.7050476    
   16.5047913       16.2884121    
   14.8900909       14.0354462    
   17.9335766       15.2753839    
   21.9473324       16.0652771    
   27.3480701       15.6107359    
   34.7615585       12.1517439    
   45.1082458       1.84022057    
   59.6298904      -23.4093342    
   79.5477829      -78.5130005    
   104.474251      -180.832184    
   128.664658      -315.588379    
   139.425720      -386.759003    
   128.664658      -315.588379    
   104.474251      -180.832184    
   79.5477829      -78.5130005    
   59.6298904      -23.4093342    
   45.1082458       1.84022057    
   34.7615585       12.1517439    
   27.3480701       15.6107359    
   21.9473324       16.0652771    
   17.9335766       15.2753839    
   16.0834198       13.2589417    
   19.3040657       14.0765581    
   23.5176735       14.2204618    
   29.1275253       12.7833652    
   36.7184219       7.87726831    
   47.1060219      -4.35575247    
   61.2930946      -31.3671398    
   80.0427704      -85.3168716    
   102.422165      -176.913712    
   123.067429      -287.664734    
   131.931946      -342.949402    
   123.067429      -287.664734    
   102.422165      -176.913712    
   80.0427704      -85.3168716    
   61.2930946      -31.3671398    
   47.1060219      -4.35575247    
   36.7184219       7.87726831    
   29.1275253       12.7833652    
   23.5176735       14.2204618    
   19.3040657       14.0765581    
   17.2200756       12.3561335    
   20.5944138       12.7405510    
   24.9728260       12.2444420    
   30.7391872       9.87649250    
   38.4296570       3.68515658    
   48.7497063      -10.0709629    
   62.4770126      -38.0441132    
   79.9974518      -89.7931747    
   100.035240      -171.035660    
   117.728432      -262.338745    
   125.104134      -305.819427    
   117.728432      -262.338745    
   100.035240      -171.035660    
   79.9974518      -89.7931747    
   62.4770126      -38.0441132    
   48.7497063      -10.0709629    
   38.4296570       3.68515658    
   30.7391872       9.87649250    
   24.9728260       12.2444420    
   20.5944138       12.7405510    
   18.2843933       11.3634100    
   21.7874985       11.3191366    
   26.2950630       10.2112370    
   32.1671028       6.99404621    
   39.8867073     -0.289122254    
   50.0500603      -15.1676922    
   63.2326241      -43.4234581    
   79.5235825      -92.3165359    
   97.4583893      -164.008636    
   112.709953      -239.705978    
   118.912964      -274.366455    
   112.709953      -239.705978    
   97.4583893      -164.008636    
   79.5235825      -92.3165359    
   63.2326241      -43.4234581    
   50.0500603      -15.1676922    
   39.8867073     -0.289122254    
   32.1671028       6.99404621    
   26.2950630       10.2112370    
   21.7874985       11.3191366    
   19.2646542       10.3179016    
   22.8715134       9.86275101    
   27.4739056       8.18876457    
   33.4051285       4.22370195    
   41.0938263      -3.94625115    
   51.0327072      -19.5765190    
   63.6225967      -47.5827179    
   78.7291183      -93.2932663    
   94.8086243      -156.457352    
   108.049309      -219.702881    
   113.324844      -247.728439    
   108.049309      -219.702881    
   94.8086243      -156.457352    
   78.7291183      -93.2932663    
   63.6225967      -47.5827179    
   51.0327072      -19.5765190    
   41.0938263      -3.94625115    
   33.4051285       4.22370195    
   27.4739056       8.18876457    
   22.8715134       9.86275101    
   20.1532688       9.25467205    
   23.8399887       8.41683674    
   28.5057487       6.23434687    
   34.4558067       1.63227808    
   42.0654907      -7.22465134    
   51.7331848      -23.2865963    
   63.7138367      -50.6595993    
   77.7113571      -93.1114273    
   92.1759872      -148.834610    
   103.764359      -202.170914    
   108.302971      -225.167847    
   103.764359      -202.170914    
   92.1759872      -148.834610    
   77.7113571      -93.1114273    
   63.7138367      -50.6595993    
   51.7331848      -23.2865963    
   42.0654907      -7.22465134    
   34.4558067       1.63227808    
   28.5057487       6.23434687    
   23.8399887       8.41683674    
   20.9466515       8.20459557    
   24.6913853       7.01934242    
   29.3929806       4.39222813    
   35.3286400     -0.735412300    
   42.8234215      -10.0970240    
   52.1923027      -26.3311443    
   63.5717278      -52.8210297    
   76.5535126      -92.1118011    
   89.6266327      -141.448715    
   99.8583908      -186.901779    
   103.808647      -206.057068    
   99.8583908      -186.901779    
   89.6266327      -141.448715    
   76.5535126      -92.1118011    
   63.5717278      -52.8210297    
   52.1923027      -26.3311443    
   42.8234215      -10.0970240    
   35.3286400     -0.735412300    
   29.3929806       4.39222813    
   24.6913853       7.01934242    
   21.6447659       7.19303703    
   25.4283371       5.69951725    
   30.1427460       2.69306111    
   36.0381584      -2.85498238    
   43.3936081      -12.5638351    
   52.4521751      -28.7720699    
   63.2562294      -54.2393303    
   75.3235092      -90.5756454    
   87.2065430      -134.494644    
   96.3241959      -173.667801    
   99.8023911      -189.864182    
   96.3241959      -173.667801    
   87.2065430      -134.494644    
   75.3235092      -90.5756454    
   63.2562294      -54.2393303    
   52.4521751      -28.7720699    
   43.3936081      -12.5638351    
   36.0381584      -2.85498238    
   30.1427460       2.69306111    
   25.4283371       5.69951725    
   22.2505054       6.23932886    
   26.0567322       4.47780132    
   30.7655869       1.15487230    
   36.6019440      -4.71917105    
   43.8037262      -14.6456919    
   52.5532494      -30.6863823    
   62.8196716      -55.0764313    
   74.0746460      -88.7239075    
   84.9454269      -128.083298    
   93.1473007      -162.241318    
   96.2449265      -176.140259    
   93.1473007      -162.241318    
   84.9454269      -128.083298    
   74.0746460      -88.7239075    
   62.8196716      -55.0764313    
   52.5532494      -30.6863823    
   43.8037262      -14.6456919    
   36.6019440      -4.71917105    
   30.7655869       1.15487230    
   26.0567322       4.47780132    
   22.7690067       5.35688877    
   26.5847607       3.36654806    
   31.2741623     -0.215018287    
   37.0389862      -6.33377314    
   44.0811348      -16.3759937    
   52.5324249      -32.1555901    
   62.3059044      -55.4750328    
   72.8470917      -86.7229080    
   82.8604355      -122.265900    
   90.3085709      -152.406235    
   93.0980301      -164.507370    
   90.3085709      -152.406235    
   82.8604355      -122.265900    
   72.8470917      -86.7229080    
   62.3059044      -55.4750328    
   52.5324249      -32.1555901    
   44.0811348      -16.3759937    
   37.0389862      -6.33377314    
   31.2741623     -0.215018287    
   26.5847607       3.36654806    
   23.2069569       4.55379438    
   27.0220280       2.37124252    
   31.6821175      -1.41768467    
   37.3683167      -7.71363258    
   44.2514763      -17.7948112    
   52.4219398      -33.2584877    
   61.7503662      -55.5550423    
   71.6697998      -84.6928329    
   80.9591446      -117.053230    
   87.7860870      -143.963913    
   90.3249893      -154.647964    
   87.7860870      -143.963913    
   80.9591446      -117.053230    
   71.6697998      -84.6928329    
   61.7503662      -55.5550423    
   52.4219398      -33.2584877    
   44.2514763      -17.7948112    
   37.3683167      -7.71363258    
   31.6821175      -1.41768467    
   27.0220280       2.37124252    
   23.5719566       3.83362198    
   27.3787823       1.49194360    
   32.0031891      -2.46024084    
   37.6080551      -8.87906170    
   44.3377914      -18.9441738    
   52.2490349      -34.0667534    
   61.1807632      -55.4135437    
   70.5625839      -82.7168655    
   79.2422028      -112.429955    
   85.5565872      -136.735641    
   87.8911133      -146.295410    
   85.5565872      -136.735641    
   79.2422028      -112.429955    
   70.5625839      -82.7168655    
   61.1807632      -55.4135437    
   52.2490349      -34.0667534    
   44.3377914      -18.9441738    
   37.6080551      -8.87906170    
   32.0031891      -2.46024084    
   27.3787823       1.49194360    
   23.8720169       3.19637871    
   27.6653290      0.724699378    
   32.2505684      -3.35376167    
   37.7747841      -9.85304260    
   44.3601189      -19.8649063    
   52.0360184      -34.6428413    
   60.6180077      -55.1266708    
   69.5379410      -80.8496094    
   77.7053146      -108.364769    
   83.5964584      -130.562988    
   85.7638245      -139.225647    
   83.5964584      -130.562988    
   77.7053146      -108.364769    
   69.5379410      -80.8496094    
   60.6180077      -55.1266708    
   52.0360184      -34.6428413    
   44.3601189      -19.8649063    
   37.7747841      -9.85304260    
   32.2505684      -3.35376167    
   27.6653290      0.724699378    
   24.1151447       2.63939857    
   27.8915863       6.28153384E-02
   32.4364586      -4.11158562    
   37.8832054      -10.6591644    
   44.3353882      -20.5946827    
   51.8006401      -35.0394058    
   60.0772743      -54.7525024    
   68.6026840      -79.1242447    
   76.3407745      -104.817574    
   81.8823624      -125.306641    
   83.9127808      -133.250153    
   81.8823624      -125.306641    
   76.3407745      -104.817574    
   68.6026840      -79.1242447    
   60.0772743      -54.7525024    
   51.8006401      -35.0394058    
   44.3353882      -20.5946827    
   37.8832054      -10.6591644    
   32.4364586      -4.11158562    
   27.8915863       6.28153384E-02
   24.3090458       2.15817237    
   28.0668049     -0.502066433    
   32.5718460      -4.74798822    
   37.9460564      -11.3202076    
   44.2775803      -21.1669960    
   51.5566444      -35.2997017    
   59.5690308      -54.3341141    
   67.7593765      -77.5583344    
   75.1387177      -101.744308    
   80.3917618      -120.844955    
   82.3098907      -128.209946    
   80.3917618      -120.844955    
   75.1387177      -101.744308    
   67.7593765      -77.5583344    
   59.5690308      -54.3341141    
   51.5566444      -35.2997017    
   44.2775803      -21.1669960    
   37.9460564      -11.3202076    
   32.5718460      -4.74798822    
   28.0668049     -0.502066433    
   24.4609146       1.74699485    
   28.1993713     -0.979168117    
   32.6663704      -5.27727938    
   37.9740639      -11.8573160    
   44.1979065      -21.6108398    
   51.3142891      -35.4584732    
   59.0999336      -53.9025154    
   67.0073395      -76.1582260    
   74.0878754      -99.0997314    
   79.1030731      -117.071739    
   80.9291763      -123.970291    
   79.1030731      -117.071739    
   74.0878754      -99.0997314    
   67.0073395      -76.1582260    
   59.0999336      -53.9025154    
   51.3142891      -35.4584732    
   44.1979065      -21.6108398    
   37.9740639      -11.8573160    
   32.6663704      -5.27727938    
   28.1993713     -0.979168117    
   24.5773315       1.39952755    
   28.2967548      -1.37794256    
   32.7283516      -5.71317434    
   37.9761467      -12.2895622    
   44.1052208      -21.9508209    
   51.0810013      -35.5431747    
   58.6736908      -53.4792786    
   66.3436203      -74.9226837    
   73.1762848      -96.8397141    
   77.9959183      -113.894623    
   79.7467117      -120.416779    
   77.9959183      -113.894623    
   73.1762848      -96.8397141    
   66.3436203      -74.9226837    
   58.6736908      -53.4792786    
   51.0810013      -35.5431747    
   44.1052208      -21.9508209    
   37.9761467      -12.2895622    
   32.7283516      -5.71317434    
   28.2967548      -1.37794256    
   24.6642056       1.10918188    
   28.3654938      -1.70766854    
   32.7648506      -6.06843996    
   37.9595757      -12.6337872    
   44.0063133      -22.2074718    
   50.8618546      -35.5751152    
   58.2917595      -53.0787201    
   65.7636948      -73.8452682    
   72.3917694      -94.9220734    
   77.0511780      -111.233139    
   78.7405319      -117.451775    
   77.0511780      -111.233139    
   72.3917694      -94.9220734    
   65.7636948      -73.8452682    
   58.2917595      -53.0787201    
   50.8618546      -35.5751152    
   44.0063133      -22.2074718    
   37.9595757      -12.6337872    
   32.7648506      -6.06843996    
   28.3654938      -1.70766854    
   24.7267590      0.869417548    
   28.4112263      -1.97716761    
   32.7817650      -6.35470200    
   37.9301605      -12.9046507    
   43.9062653      -22.3977489    
   50.6600723      -35.5705757    
   57.9538841      -52.7096748    
   65.2619858      -72.9162674    
   71.7222137      -93.3073196    
   76.2510223      -109.016991    
   77.8904572      -114.991402    
   76.2510223      -109.016991    
   71.7222137      -93.3073196    
   65.2619858      -72.9162674    
   57.9538841      -52.7096748    
   50.6600723      -35.5705757    
   43.9062653      -22.3977489    
   37.9301605      -12.9046507    
   32.7817650      -6.35470200    
   28.4112263      -1.97716761    
   24.7695408      0.673937023    
   28.4387436      -2.19464540    
   32.7839508      -6.58238649    
   37.8924713      -13.1147699    
   43.8087273      -22.5355072    
   50.4774094      -35.5418243    
   57.6585426      -52.3768997    
   64.8322296      -72.1239471    
   71.1557770      -91.9588165    
   75.5788193      -107.184616    
   77.1779480      -112.963371    
   75.5788193      -107.184616    
   71.1557770      -91.9588165    
   64.8322296      -72.1239471    
   57.6585426      -52.3768997    
   50.4774094      -35.5418243    
   43.8087273      -22.5355072    
   37.8924713      -13.1147699    
   32.7839508      -6.58238649    
   28.4387436      -2.19464540    
   24.7964916      0.516826868    
   28.4521103      -2.36759353    
   32.7753983      -6.76072073    
   37.8500748      -13.2749071    
   43.7162628      -22.6320171    
   50.3145599      -35.4979782    
   57.4034195      -52.0823059    
   64.4679337      -71.4557648    
   70.6812057      -90.8431015    
   75.0193176      -105.682274    
   76.5861664      -111.305275    
   75.0193176      -105.682274    
   70.6812057      -90.8431015    
   64.4679337      -71.4557648    
   57.4034195      -52.0823059    
   50.3145599      -35.4979782    
   43.7162628      -22.6320171    
   37.8500748      -13.2749071    
   32.7753983      -6.76072073    
   28.4521103      -2.36759353    
   24.8109570      0.392620772    
   28.4546909      -2.50277567    
   32.7592888      -6.89780855    
   37.8056450      -13.3942003    
   43.6305084      -22.6963787    
   50.1713600      -35.4456673    
   57.1855965      -51.8257103    
   64.1624756      -70.8987656    
   70.2877579      -89.9295807    
   74.5584030      -104.462677    
   76.0996552      -109.962746    
   74.5584030      -104.462677    
   70.2877579      -89.9295807    
   64.1624756      -70.8987656    
   57.1855965      -51.8257103    
   50.1713600      -35.4456673    
   43.6305084      -22.6963787    
   37.8056450      -13.3942003    
   32.7592888      -6.89780855    
   28.4546909      -2.50277567    
   24.8157845      0.296339124    
   28.4492779      -2.60622907    
   32.7381821      -7.00071526    
   37.7611771      -13.4803715    
   43.5524330      -22.7359257    
   50.0470772      -35.3896446    
   57.0018272      -51.6055260    
   63.9093590      -70.4402237    
   69.9654083      -89.1905975    
   74.1831665      -103.484283    
   75.7044067      -108.888474    
   74.1831665      -103.484283    
   69.9654083      -89.1905975    
   63.9093590      -70.4402237    
   57.0018272      -51.6055260    
   50.0470772      -35.3896446    
   43.5524330      -22.7359257    
   37.7611771      -13.4803715    
   32.7381821      -7.00071526    
   28.4492779      -2.60622907    
   24.8133507      0.223508477    
   28.4381561      -2.68328762    
   32.7140770      -7.07555294    
   37.7181091      -13.5399199    
   43.4824829      -22.7565536    
   49.9405861      -35.3332291    
   56.8487282      -51.4193115    
   63.7023277      -70.0678940    
   69.7048340      -88.6011505    
   73.8818512      -102.710533    
   75.3877106      -108.041115    
   73.8818512      -102.710533    
   69.7048340      -88.6011505    
   63.7023277      -70.0678940    
   56.8487282      -51.4193115    
   49.9405861      -35.3332291    
   43.4824829      -22.7565536    
   37.7181091      -13.5399199    
   32.7140770      -7.07555294    
   28.4381561      -2.68328762    
   24.8056240      0.170148790    
   28.4231720      -2.73862791    
   32.6885223      -7.12758398    
   37.6774368      -13.5782957    
   43.4207115      -22.7629795    
   49.8505058      -35.2786598    
   56.7229080      -51.2641029    
   63.5354729      -69.7702713    
   69.4974976      -88.1389313    
   73.6438293      -102.109367    
   75.1381226      -107.384621    
   73.6438293      -102.109367    
   69.4974976      -88.1389313    
   63.5354729      -69.7702713    
   56.7229080      -51.2641029    
   49.8505058      -35.2786598    
   43.4207115      -22.7629795    
   37.6774368      -13.5782957    
   32.6885223      -7.12758398    
   28.4231720      -2.73862791    
   24.7942047      0.132753655    
   28.4057789      -2.77631760    
   32.6626778      -7.16130924    
   37.6397705      -13.6000500    
   43.3668633      -22.7589550    
   49.7752762      -35.2273598    
   56.6210022      -51.1366158    
   63.4032402      -69.5366821    
   69.3355408      -87.7839355    
   73.4594727      -101.652550    
   74.9453278      -106.887398    
   73.4594727      -101.652550    
   69.3355408      -87.7839355    
   63.4032402      -69.5366821    
   56.6210022      -51.1366158    
   49.7752762      -35.2273598    
   43.3668633      -22.7589550    
   37.6397705      -13.6000500    
   32.6626778      -7.16130924    
   28.4057789      -2.77631760    
   24.7803993      0.108271979    
   28.3871346      -2.79986072    
   32.6374130      -7.18055677    
   37.6054993      -13.6089716    
   43.3205414      -22.7474880    
   49.7133293      -35.1801949    
   56.5398750      -51.0335999    
   63.3005676      -69.3573837    
   69.2119598      -87.5185165    
   73.3202057      -101.315521    
   74.8001938      -106.522041    
   73.3202057      -101.315521    
   69.2119598      -87.5185165    
   63.3005676      -69.3573837    
   56.5398750      -51.0335999    
   49.7133293      -35.1801949    
   43.3205414      -22.7474880    
   37.6054993      -13.6089716    
   32.6374130      -7.18055677    
   28.3871346      -2.79986072    
   24.7652512       9.40659940E-02
   28.3681431      -2.81225705    
   32.6133537      -7.18856049    
   37.5747871      -13.6082039    
   43.2812004      -22.7309475    
   49.6630936      -35.1376076    
   56.4765701      -50.9518471    
   63.2228508      -69.2236023    
   69.1204376      -87.3271255    
   73.2184372      -101.076805    
   74.6946030      -106.264725    
   73.2184372      -101.076805    
   69.1204376      -87.3271255    
   63.2228508      -69.2236023    
   56.4765701      -50.9518471    
   49.6630936      -35.1376076    
   43.2812004      -22.7309475    
   37.5747871      -13.6082039    
   32.6133537      -7.18856049    
   28.3681431      -2.81225705    
   24.7495499       8.78790766E-02
   28.3494492      -2.81605005    
   32.5909004      -7.18802786    
   37.5476265      -13.6003218    
   43.2481956      -22.7111969    
   49.6230278      -35.0997276    
   56.4283333      -50.8882828    
   63.1658974      -69.1274567    
   69.0553436      -87.1960754    
   73.1474075      -100.917725    
   74.6213684      -106.094742    
   73.1474075      -100.917725    
   69.0553436      -87.1960754    
   63.1658974      -69.1274567    
   56.4283333      -50.8882828    
   49.6230278      -35.0997276    
   43.2481956      -22.7111969    
   37.5476265      -13.6003218    
   32.5909004      -7.18802786    
   28.3494492      -2.81605005    
   24.7339249       8.78103003E-02
   28.3315506      -2.81336832    
   32.5703278      -7.18120670    
   37.5239258      -13.5874319    
   43.2209053      -22.6896858    
   49.5917168      -35.0665016    
   56.3927345      -50.8401375    
   63.1260567      -69.0620728    
   69.0117950      -87.1136246    
   73.1012802      -100.822304    
   74.5743179      -105.994446    
   73.1012802      -100.822304    
   69.0117950      -87.1136246    
   63.1260567      -69.0620728    
   56.3927345      -50.8401375    
   49.5917168      -35.0665016    
   43.2209053      -22.6896858    
   37.5239258      -13.5874319    
   32.5703278      -7.18120670    
   28.3315506      -2.81336832    
   24.7188187       9.22666565E-02
   28.3147774      -2.80597997    
   32.5517616      -7.16994047    
   37.5034981      -13.5712242    
   43.1986542      -22.6675224    
   49.5678215      -35.0377197    
   56.3675537      -50.8048248    
   63.1000633      -69.0213776    
   68.9854889      -87.0695572    
   73.0749664      -100.776825    
   74.5480347      -105.948654    
   73.0749664      -100.776825    
   68.9854889      -87.0695572    
   63.1000633      -69.0213776    
   56.3675537      -50.8048248    
   49.5678215      -35.0377197    
   43.1986542      -22.6675224    
   37.5034981      -13.5712242    
   32.5517616      -7.16994047    
   28.3147774      -2.80597997    
   24.7045593       9.99343470E-02
   28.2993450      -2.79533458    
   32.5352402      -7.15572643    
   37.4861107      -13.5530539    
   43.1808052      -22.6455421    
   49.5501404      -35.0130768    
   56.3508415      -50.7800636    
   63.0851212      -69.0002060    
   68.9727478      -87.0552521    
   73.0641174      -100.769691    
   74.5379486      -105.944633    
   73.0641174      -100.769691    
   68.9727478      -87.0552521    
   63.0851212      -69.0002060    
   56.3508415      -50.7800636    
   49.5501404      -35.0130768    
   43.1808052      -22.6455421    
   37.4861107      -13.5530539    
   32.5352402      -7.15572643    
   28.2993450      -2.79533458    
   24.6913528      0.109747030    
   28.2853661      -2.78259802    
   32.5207291      -7.13975525    
   37.4714890      -13.5339689    
   43.1667442      -22.6243439    
   49.5375786      -34.9922256    
   56.3408928      -50.7638474    
   63.0788002      -68.9940872    
   68.9704361      -87.0633926    
   73.0650558      -100.791168    
   74.5401459      -105.971664    
   73.0650558      -100.791168    
   68.9704361      -87.0633926    
   63.0788002      -68.9940872    
   56.3408928      -50.7638474    
   49.5375786      -34.9922256    
   43.1667442      -22.6243439    
   37.4714890      -13.5339689    
   32.5207291      -7.13975525    
   28.2853661      -2.78259802    
   24.6793289      0.120847061    
   28.2728920      -2.76870346    
   32.5081482      -7.12297201    
   37.4593658      -13.5147877    
   43.1559219      -22.6043739    
   49.5291939      -34.9748268    
   56.3362617      -50.7544594    
   63.0790520      -68.9993286    
   68.9759140      -87.0879440    
   73.0746841      -100.833221    
   74.5513840      -106.020905    
   73.0746841      -100.833221    
   68.9759140      -87.0879440    
   63.0790520      -68.9993286    
   56.3362617      -50.7544594    
   49.5291939      -34.9748268    
   43.1559219      -22.6043739    
   37.4593658      -13.5147877    
   32.5081482      -7.12297201    
   28.2728920      -2.76870346    
   24.6685429      0.132563993    
   28.2619076      -2.75436997    
   32.4973755      -7.10608959    
   37.4494553      -13.4961081    
   43.1478195      -22.5859032    
   49.5241585      -34.9604874    
   56.3357086      -50.7503891    
   63.0841675      -69.0127869    
   68.9869995      -87.1238785    
   73.0904770      -100.889221    
   74.5689774      -106.085121    
   73.0904770      -100.889221    
   68.9869995      -87.1238785    
   63.0841675      -69.0127869    
   56.3357086      -50.7503891    
   49.5241585      -34.9604874    
   43.1478195      -22.5859032    
   37.4494553      -13.4961081    
   32.4973755      -7.10608959    
   28.2619076      -2.75436997    
   24.6590061      0.144378796    
   28.2523613      -2.74014926    
   32.4882698      -7.08964682    
   37.4414825      -13.4783640    
   43.1419754      -22.5690956    
   49.5217438      -34.9488297    
   56.3381805      -50.7503548    
   63.0927277      -69.0319138    
   69.0018997      -87.1671524    
   73.1103439      -100.953873    
   74.5907440      -106.158470    
   73.1103439      -100.953873    
   69.0018997      -87.1671524    
   63.0927277      -69.0319138    
   56.3381805      -50.7503548    
   49.5217438      -34.9488297    
   43.1419754      -22.5690956    
   37.4414825      -13.4783640    
   32.4882698      -7.08964682    
   28.2523613      -2.74014926    
   24.6506786      0.155906662    
   28.2441654      -2.72644353    
   32.4806671      -7.07402992    
   37.4351807      -13.4618521    
   43.1379738      -22.5540276    
   49.5213394      -34.9395180    
   56.3428116      -50.7533112    
   63.1035652      -69.0546722    
   69.0191574      -87.2145462    
   73.1326141      -101.022972    
   74.6149368      -106.236374    
   73.1326141      -101.022972    
   69.0191574      -87.2145462    
   63.1035652      -69.0546722    
   56.3428116      -50.7533112    
   49.5213394      -34.9395180    
   43.1379738      -22.5540276    
   37.4351807      -13.4618521    
   32.4806671      -7.07402992    
   28.2441654      -2.72644353    
   24.6435013      0.166872114    
   28.2372208      -2.71353531    
   32.4744148      -7.05949640    
   37.4303093      -13.4467497    
   43.1354599      -22.5407009    
   49.5224342      -34.9322205    
   56.3489037      -50.7583885    
   63.1157646      -69.0793991    
   69.0376511      -87.2635651    
   73.1559982      -101.093285    
   74.6401901      -106.315315    
   73.1559982      -101.093285    
   69.0376511      -87.2635651    
   63.1157646      -69.0793991    
   56.3489037      -50.7583885    
   49.5224342      -34.9322205    
   43.1354599      -22.5407009    
   37.4303093      -13.4467497    
   32.4744148      -7.05949640    
   28.2372208      -2.71353531    
   24.6373978      0.177087769    
   28.2314148      -2.70160985    
   32.4693489      -7.04620457    
   37.4266472      -13.4331465    
   43.1341286      -22.5290642    
   49.5246124      -34.9266205    
   56.3558922      -50.7648811    
   63.1286049      -69.1048355    
   69.0564880      -87.3122787    
   73.1794968      -101.162323    
   74.6654663      -106.392578    
   73.1794968      -101.162323    
   69.0564880      -87.3122787    
   63.1286049      -69.1048355    
   56.3558922      -50.7648811    
   49.5246124      -34.9266205    
   43.1341286      -22.5290642    
   37.4266472      -13.4331465    
   32.4693489      -7.04620457    
   28.2314148      -2.70160985    
   24.6322651      0.186436146    
   28.2266216      -2.69077492    
   32.4653091      -7.03423882    
   37.4239807      -13.4210672    
   43.1336937      -22.5190315    
   49.5275078      -34.9224510    
   56.3633156      -50.7722015    
   63.1415062      -69.1300278    
   69.0749969      -87.3592834    
   73.2023468      -101.228340    
   74.6899643      -106.466270    
   73.2023468      -101.228340    
   69.0749969      -87.3592834    
   63.1415062      -69.1300278    
   56.3633156      -50.7722015    
   49.5275078      -34.9224510    
   43.1336937      -22.5190315    
   37.4239807      -13.4210672    
   32.4653091      -7.03423882    
   28.2266216      -2.69077492    
   24.6280117      0.194859013    
   28.2227268      -2.68107653    
   32.4621582      -7.02361536    
   37.4221344      -13.4104824    
   43.1339455      -22.5104866    
   49.5308533      -34.9194641    
   56.3708458      -50.7799187    
   63.1540718      -69.1542435    
   69.0927048      -87.4035797    
   73.2240295      -101.290085    
   74.7131577      -106.535057    
   73.2240295      -101.290085    
   69.0927048      -87.4035797    
   63.1540718      -69.1542435    
   56.3708458      -50.7799187    
   49.5308533      -34.9194641    
   43.1339455      -22.5104866    
   37.4221344      -13.4104824    
   32.4621582      -7.02361536    
   28.2227268      -2.68107653    
   24.6245346      0.202342585    
   28.2196102      -2.67251110    
   32.4597549      -7.01430798    
   37.4209557      -13.4013262    
   43.1346970      -22.5033112    
   49.5344353      -34.9174461    
   56.3782234      -50.7877083    
   63.1660080      -69.1770248    
   69.1092758      -87.4445419    
   73.2441864      -101.346809    
   74.7346802      -106.598160    
   73.2441864      -101.346809    
   69.1092758      -87.4445419    
   63.1660080      -69.1770248    
   56.3782234      -50.7877083    
   49.5344353      -34.9174461    
   43.1346970      -22.5033112    
   37.4209557      -13.4013262    
   32.4597549      -7.01430798    
   28.2196102      -2.67251110    
   24.6217403      0.208901376    
   28.2171688      -2.66504884    
   32.4579773      -7.00626087    
   37.4202995      -13.3935051    
   43.1357918      -22.4973602    
   49.5380669      -34.9162064    
   56.3852539      -50.7952995    
   63.1771049      -69.1980591    
   69.1245041      -87.4817886    
   73.2625961      -101.398109    
   74.7543030      -106.655113    
   73.2625961      -101.398109    
   69.1245041      -87.4817886    
   63.1771049      -69.1980591    
   56.3852539      -50.7952995    
   49.5380669      -34.9162064    
   43.1357918      -22.4973602    
   37.4202995      -13.3935051    
   32.4579773      -7.00626087    
   28.2171688      -2.66504884    
   24.6195412      0.214577347    
   28.2153072      -2.65862799    
   32.4567299      -6.99938822    
   37.4200630      -13.3869104    
   43.1371155      -22.4925003    
   49.5416489      -34.9155807    
   56.3918343      -50.8025131    
   63.1872635      -69.2171402    
   69.1382828      -87.5151520    
   73.2791672      -101.443810    
   74.7719345      -106.705765    
   73.2791672      -101.443810    
   69.1382828      -87.5151520    
   63.1872635      -69.2171402    
   56.3918343      -50.8025131    
   49.5416489      -34.9155807    
   43.1371155      -22.4925003    
   37.4200630      -13.3869104    
   32.4567299      -6.99938822    
   28.2153072      -2.65862799    
   24.6178398      0.219427422    
   28.2139206      -2.65317297    
   32.4558945      -6.99359608    
   37.4201317      -13.3814240    
   43.1385612      -22.4885960    
   49.5450630      -34.9154282    
   56.3978615      -50.8092461    
   63.1963959      -69.2342072    
   69.1505508      -87.5446243    
   73.2938614      -101.483978    
   74.7875443      -106.750244    
   73.2938614      -101.483978    
   69.1505508      -87.5446243    
   63.1963959      -69.2342072    
   56.3978615      -50.8092461    
   49.5450630      -34.9154282    
   43.1385612      -22.4885960    
   37.4201317      -13.3814240    
   32.4558945      -6.99359608    
   28.2139206      -2.65317297    
   24.6165657      0.223517045    
   28.2129326      -2.64860034    
   32.4554024      -6.98877954    
   37.4204292      -13.3769283    
   43.1400566      -22.4855175    
   49.5482635      -34.9156303    
   56.4033051      -50.8153954    
   63.2045021      -69.2492523    
   69.1613464      -87.5703049    
   73.3067169      -101.518806    
   74.8011856      -106.788757    
   73.3067169      -101.518806    
   69.1613464      -87.5703049    
   63.2045021      -69.2492523    
   56.4033051      -50.8153954    
   49.5482635      -34.9156303    
   43.1400566      -22.4855175    
   37.4204292      -13.3769283    
   32.4554024      -6.98877954    
   28.2129326      -2.64860034    
   24.6156368      0.226921111    
   28.2122612      -2.64481735    
   32.4551697      -6.98482943    
   37.4208832      -13.3732939    
   43.1415329      -22.4831371    
   49.5511932      -34.9160843    
   56.4081421      -50.8209305    
   63.2115898      -69.2623367    
   69.1707001      -87.5923843    
   73.3178101      -101.548622    
   74.8129349      -106.821686    
   73.3178101      -101.548622    
   69.1707001      -87.5923843    
   63.2115898      -69.2623367    
   56.4081421      -50.8209305    
   49.5511932      -34.9160843    
   43.1415329      -22.4831371    
   37.4208832      -13.3732939    
   32.4551697      -6.98482943    
   28.2122612      -2.64481735    
   24.6149998      0.229716867    
   28.2118549      -2.64173245    
   32.4551353      -6.98163891    
   37.4214363      -13.3704119    
   43.1429596      -22.4813538    
   49.5538445      -34.9167175    
   56.4123917      -50.8258514    
   63.2177200      -69.2735977    
   69.1787262      -87.6111603    
   73.3272781      -101.573868    
   74.8229599      -106.849503    
   73.3272781      -101.573868    
   69.1787262      -87.6111603    
   63.2177200      -69.2735977    
   56.4123917      -50.8258514    
   49.5538445      -34.9167175    
   43.1429596      -22.4813538    
   37.4214363      -13.3704119    
   32.4551353      -6.98163891    
   28.2118549      -2.64173245    
   24.6145954      0.231976196    
   28.2116528      -2.63925862    
   32.4552574      -6.97910833    
   37.4220543      -13.3681717    
   43.1443062      -22.4800606    
   49.5562057      -34.9174576    
   56.4160728      -50.8301582    
   63.2229538      -69.2831497    
   69.1855087      -87.6269150    
   73.3352585      -101.594925    
   74.8313904      -106.872696    
   73.3352585      -101.594925    
   69.1855087      -87.6269150    
   63.2229538      -69.2831497    
   56.4160728      -50.8301582    
   49.5562057      -34.9174576    
   43.1443062      -22.4800606    
   37.4220543      -13.3681717    
   32.4552574      -6.97910833    
   28.2116528      -2.63925862    
   24.6143780      0.233769491    
   28.2116089      -2.63731289    
   32.4554901      -6.97714472    
   37.4226990      -13.3664789    
   43.1455536      -22.4791756    
   49.5582848      -34.9182625    
   56.4192314      -50.8338966    
   63.2273712      -69.2911606    
   69.1911850      -87.6399612    
   73.3418884      -101.612267    
   74.8383865      -106.891762    
   73.3418884      -101.612267    
   69.1911850      -87.6399612    
   63.2273712      -69.2911606    
   56.4192314      -50.8338966    
   49.5582848      -34.9182625    
   43.1455536      -22.4791756    
   37.4226990      -13.3664789    
   32.4554901      -6.97714472    
   28.2116089      -2.63731289    
   24.6142979      0.235163704    
   28.2116776      -2.63581634    
   32.4557877      -6.97565937    
   37.4233398      -13.3652411    
   43.1466827      -22.4786148    
   49.5600853      -34.9190865    
   56.4218941      -50.8370857    
   63.2310371      -69.2977753    
   69.1958466      -87.6505966    
   73.3473206      -101.626320    
   74.8441010      -106.907173    
   73.3473206      -101.626320    
   69.1958466      -87.6505966    
   63.2310371      -69.2977753    
   56.4218941      -50.8370857    
   49.5600853      -34.9190865    
   43.1466827      -22.4786148    
   37.4233398      -13.3652411    
   32.4557877      -6.97565937    
   28.2116776      -2.63581634    
   24.6143303      0.236220449    
   28.2118378      -2.63469768    
   32.4561348      -6.97457266    
   37.4239655      -13.3643751    
   43.1476974      -22.4783115    
   49.5616341      -34.9198990    
   56.4241180      -50.8397789    
   63.2340469      -69.3031540    
   69.1996384      -87.6591110    
   73.3516998      -101.637505    
   74.8487015      -106.919418    
   73.3516998      -101.637505    
   69.1996384      -87.6591110    
   63.2340469      -69.3031540    
   56.4241180      -50.8397789    
   49.5616341      -34.9198990    
   43.1476974      -22.4783115    
   37.4239655      -13.3643751    
   32.4561348      -6.97457266    
   28.2118378      -2.63469768    
   24.6144390      0.236995131    
   28.2120495      -2.63389349    
   32.4565010      -6.97381401    
   37.4245453      -13.3638096    
   43.1485825      -22.4782066    
   49.5629272      -34.9206734    
   56.4259338      -50.8420105    
   63.2364616      -69.3074646    
   69.2026443      -87.6658173    
   73.3551483      -101.646225    
   74.8523254      -106.928955    
   73.3551483      -101.646225    
   69.2026443      -87.6658173    
   63.2364616      -69.3074646    
   56.4259338      -50.8420105    
   49.5629272      -34.9206734    
   43.1485825      -22.4782066    
   37.4245453      -13.3638096    
   32.4565010      -6.97381401    
   28.2120495      -2.63389349    
   24.6146030      0.237540454    
   28.2123013      -2.63334179    
   32.4568748      -6.97331810    
   37.4250908      -13.3634863    
   43.1493645      -22.4782543    
   49.5640221      -34.9214058    
   56.4274178      -50.8438492    
   63.2383881      -69.3108521    
   69.2050095      -87.6709824    
   73.3578415      -101.652893    
   74.8551407      -106.936211    
   73.3578415      -101.652893    
   69.2050095      -87.6709824    
   63.2383881      -69.3108521    
   56.4274178      -50.8438492    
   49.5640221      -34.9214058    
   43.1493645      -22.4782543    
   37.4250908      -13.3634863    
   32.4568748      -6.97331810    
   28.2123013      -2.63334179    
   24.6147995      0.237898275    
   28.2125664      -2.63299584    
   32.4572334      -6.97303200    
   37.4255829      -13.3633471    
   43.1500320      -22.4784088    
   49.5649147      -34.9220772    
   56.4285889      -50.8453331    
   63.2398720      -69.3134460    
   69.2067947      -87.6748428    
   73.3598633      -101.657799    
   74.8572464      -106.941544    
   73.3598633      -101.657799    
   69.2067947      -87.6748428    
   63.2398720      -69.3134460    
   56.4285889      -50.8453331    
   49.5649147      -34.9220772    
   43.1500320      -22.4784088    
   37.4255829      -13.3633471    
   32.4572334      -6.97303200    
   28.2125664      -2.63299584    
   24.6150169      0.238106906    
   28.2128410      -2.63281226    
   32.4575806      -6.97290993    
   37.4260254      -13.3633499    
   43.1506004      -22.4786396    
   49.5656433      -34.9226837    
   56.4295082      -50.8465118    
   63.2410011      -69.3153839    
   69.2081299      -87.6776276    
   73.3613510      -101.661278    
   74.8587875      -106.945297    
   73.3613510      -101.661278    
   69.2081299      -87.6776276    
   63.2410011      -69.3153839    
   56.4295082      -50.8465118    
   49.5656433      -34.9226837    
   43.1506004      -22.4786396    
   37.4260254      -13.3633499    
   32.4575806      -6.97290993    
   28.2128410      -2.63281226    
   24.6152420      0.238198236    
   28.2131100      -2.63275528    
   32.4579048      -6.97291470    
   37.4264183      -13.3634615    
   43.1510773      -22.4789200    
   49.5662231      -34.9232292    
   56.4302063      -50.8474312    
   63.2418289      -69.3167801    
   69.2090683      -87.6795349    
   73.3623810      -101.663597    
   74.8598480      -106.947784    
   73.3623810      -101.663597    
   69.2090683      -87.6795349    
   63.2418289      -69.3167801    
   56.4302063      -50.8474312    
   49.5662231      -34.9232292    
   43.1510773      -22.4789200    
   37.4264183      -13.3634615    
   32.4579048      -6.97291470    
   28.2131100      -2.63275528    
   24.6154728      0.238199741    
   28.2133732      -2.63279366    
   32.4582062      -6.97301340    
   37.4267616      -13.3636475    
   43.1514740      -22.4792309    
   49.5666771      -34.9237099    
   56.4307251      -50.8481293    
   63.2424088      -69.3177338    
   69.2097092      -87.6807327    
   73.3630524      -101.664986    
   74.8605347      -106.949242    
   73.3630524      -101.664986    
   69.2097092      -87.6807327    
   63.2424088      -69.3177338    
   56.4307251      -50.8481293    
   49.5666771      -34.9237099    
   43.1514740      -22.4792309    
   37.4267616      -13.3636475    
   32.4582062      -6.97301340    
   28.2133732      -2.63279366    
   24.6156921      0.238135949    
   28.2136154      -2.63290000    
   32.4584770      -6.97317648    
   37.4270630      -13.3638821    
   43.1517982      -22.4795551    
   49.5670280      -34.9241295    
   56.4310913      -50.8486443    
   63.2427902      -69.3183289    
   69.2100906      -87.6813889    
   73.3634415      -101.665665    
   74.8609238      -106.949921    
   73.3634415      -101.665665    
   69.2100906      -87.6813889    
   63.2427902      -69.3183289    
   56.4310913      -50.8486443    
   49.5670280      -34.9241295    
   43.1517982      -22.4795551    
   37.4270630      -13.3638821    
   32.4584770      -6.97317648    
   28.2136154      -2.63290000    
   24.6158962      0.238024265    
   28.2138386      -2.63305497    
   32.4587135      -6.97338343    
   37.4273109      -13.3641462    
   43.1520576      -22.4798737    
   49.5672798      -34.9244881    
   56.4313316      -50.8490028    
   63.2430000      -69.3186264    
   69.2102661      -87.6815720    
   73.3635864      -101.665741    
   74.8610611      -106.949951    
   73.3635864      -101.665741    
   69.2102661      -87.6815720    
   63.2430000      -69.3186264    
   56.4313316      -50.8490028    
   49.5672798      -34.9244881    
   43.1520576      -22.4798737    
   37.4273109      -13.3641462    
   32.4587135      -6.97338343    
   28.2138386      -2.63305497    
   24.6160908      0.237883031    
   28.2140427      -2.63323927    
   32.4589272      -6.97361517    
   37.4275284      -13.3644266    
   43.1522636      -22.4801865    
   49.5674706      -34.9247971    
   56.4314842      -50.8492546    
   63.2430954      -69.3187180    
   69.2103043      -87.6814575    
   73.3635712      -101.665421    
   74.8610306      -106.949554    
   73.3635712      -101.665421    
   69.2103043      -87.6814575    
   63.2430954      -69.3187180    
   56.4314842      -50.8492546    
   49.5674706      -34.9247971    
   43.1522636      -22.4801865    
   37.4275284      -13.3644266    
   32.4589272      -6.97361517    
   28.2140427      -2.63323927    
   24.6162643      0.237721384    
   28.2142239      -2.63344193    
   32.4591103      -6.97386122    
   37.4277039      -13.3647070    
   43.1524200      -22.4804802    
   49.5675888      -34.9250526    
   56.4315491      -50.8493881    
   63.2430916      -69.3186493    
   69.2102280      -87.6810989    
   73.3634338      -101.664818    
   74.8608627      -106.948822    
   73.3634338      -101.664818    
   69.2102280      -87.6810989    
   63.2430916      -69.3186493    
   56.4315491      -50.8493881    
   49.5675888      -34.9250526    
   43.1524200      -22.4804802    
   37.4277039      -13.3647070    
   32.4591103      -6.97386122    
   28.2142239      -2.63344193    
   24.6164207      0.237552091    
   28.2143822      -2.63364911    
   32.4592667      -6.97410536    
   37.4278450      -13.3649778    
   43.1525383      -22.4807472    
   49.5676613      -34.9252625    
   56.4315529      -50.8494453    
   63.2430153      -69.3184586    
   69.2100601      -87.6805801    
   73.3631973      -101.663994    
   74.8606033      -106.947891    
   73.3631973      -101.663994    
   69.2100601      -87.6805801    
   63.2430153      -69.3184586    
   56.4315529      -50.8494453    
   49.5676613      -34.9252625    
   43.1525383      -22.4807472    
   37.4278450      -13.3649778    
   32.4592667      -6.97410536    
   28.2143822      -2.63364911    
   24.6165581      0.237380713    
   28.2145195      -2.63385582    
   32.4593964      -6.97434521    
   37.4279594      -13.3652363    
   43.1526222      -22.4809952    
   49.5676956      -34.9254379    
   56.4315186      -50.8494492    
   63.2428894      -69.3181763    
   69.2098389      -87.6799393    
   73.3629074      -101.663033    
   74.8602829      -106.946808    
   73.3629074      -101.663033    
   69.2098389      -87.6799393    
   63.2428894      -69.3181763    
   56.4315186      -50.8494492    
   49.5676956      -34.9254379    
   43.1526222      -22.4809952    
   37.4279594      -13.3652363    
   32.4593964      -6.97434521    
   28.2145195      -2.63385582    
   24.6166782      0.237213671    
   28.2146378      -2.63405442    
   32.4595070      -6.97457123    
   37.4280510      -13.3654766    
   43.1526794      -22.4812126    
   49.5676994      -34.9255714    
   56.4314499      -50.8494072    
   63.2427292      -69.3178406    
   69.2095871      -87.6792450    
   73.3625793      -101.662025    
   74.8599243      -106.945663    
   73.3625793      -101.662025    
   69.2095871      -87.6792450    
   63.2427292      -69.3178406    
   56.4314499      -50.8494072    
   49.5676994      -34.9255714    
   43.1526794      -22.4812126    
   37.4280510      -13.3654766    
   32.4595070      -6.97457123    
   28.2146378      -2.63405442    
   24.6167812      0.237054631    
   28.2147388      -2.63424206    
   32.4595947      -6.97478294    
   37.4281197      -13.3656969    
   43.1527138      -22.4814091    
   49.5676842      -34.9256744    
   56.4313583      -50.8493347    
   63.2425499      -69.3174820    
   69.2093201      -87.6785278    
   73.3622360      -101.661003    
   74.8595581      -106.944519    
   73.3622360      -101.661003    
   69.2093201      -87.6785278    
   63.2425499      -69.3174820    
   56.4313583      -50.8493347    
   49.5676842      -34.9256744    
   43.1527138      -22.4814091    
   37.4281197      -13.3656969    
   32.4595947      -6.97478294    
   28.2147388      -2.63424206    
   24.6168709      0.236907333    
   28.2148228      -2.63441443    
   32.4596710      -6.97497511    
   37.4281769      -13.3658943    
   43.1527367      -22.4815807    
   49.5676575      -34.9257622    
   56.4312630      -50.8492470    
   63.2423668      -69.3171082    
   69.2090454      -87.6778259    
   73.3619003      -101.659988    
   74.8591919      -106.943390    
   73.3619003      -101.659988    
   69.2090454      -87.6778259    
   63.2423668      -69.3171082    
   56.4312630      -50.8492470    
   49.5676575      -34.9257622    
   43.1527367      -22.4815807    
   37.4281769      -13.3658943    
   32.4596710      -6.97497511    
   28.2148228      -2.63441443    
   24.6169395      0.236771658    
   28.2148876      -2.63457036    
   32.4597244      -6.97514772    
   37.4282112      -13.3660669    
   43.1527367      -22.4817200    
   49.5676079      -34.9258156    
   56.4311447      -50.8491325    
   63.2421722      -69.3167343    
   69.2087708      -87.6771240    
   73.3615570      -101.659019    
   74.8588257      -106.942291    
   73.3615570      -101.659019    
   69.2087708      -87.6771240    
   63.2421722      -69.3167343    
   56.4311447      -50.8491325    
   49.5676079      -34.9258156    
   43.1527367      -22.4817200    
   37.4282112      -13.3660669    
   32.4597244      -6.97514772    
   28.2148876      -2.63457036    
   24.6170006      0.236650586    
   28.2149429      -2.63471055    
   32.4597702      -6.97530079    
   37.4282341      -13.3662195    
   43.1527290      -22.4818439    
   49.5675545      -34.9258575    
   56.4310341      -50.8490181    
   63.2419891      -69.3163910    
   69.2085114      -87.6764908    
   73.3612442      -101.658134    
   74.8584900      -106.941307    
   73.3612442      -101.658134    
   69.2085114      -87.6764908    
   63.2419891      -69.3163910    
   56.4310341      -50.8490181    
   49.5675545      -34.9258575    
   43.1527290      -22.4818439    
   37.4282341      -13.3662195    
   32.4597702      -6.97530079    
   28.2149429      -2.63471055    
   24.6170521      0.236543953    
   28.2149906      -2.63483238    
   32.4598045      -6.97543240    
   37.4282532      -13.3663502    
   43.1527252      -22.4819450    
   49.5675087      -34.9258881    
   56.4309349      -50.8489037    
   63.2418213      -69.3160629    
   69.2082825      -87.6758957    
   73.3609619      -101.657310    
   74.8581848      -106.940392    
   73.3609619      -101.657310    
   69.2082825      -87.6758957    
   63.2418213      -69.3160629    
   56.4309349      -50.8489037    
   49.5675087      -34.9258881    
   43.1527252      -22.4819450    
   37.4282532      -13.3663502    
   32.4598045      -6.97543240    
   28.2149906      -2.63483238    
   24.6170902      0.236449152    
   28.2150230      -2.63494039    
   32.4598274      -6.97554970    
   37.4282608      -13.3664627    
   43.1527023      -22.4820309    
   49.5674515      -34.9259071    
   56.4308281      -50.8487930    
   63.2416534      -69.3157501    
   69.2080536      -87.6753616    
   73.3606873      -101.656563    
   74.8578949      -106.939568    
   73.3606873      -101.656563    
   69.2080536      -87.6753616    
   63.2416534      -69.3157501    
   56.4308281      -50.8487930    
   49.5674515      -34.9259071    
   43.1527023      -22.4820309    
   37.4282608      -13.3664627    
   32.4598274      -6.97554970    
   28.2150230      -2.63494039    
   24.6171207      0.236369774    
   28.2150497      -2.63503003    
   32.4598465      -6.97564507    
   37.4282646      -13.3665552    
   43.1526871      -22.4820976    
   49.5674019      -34.9259109    
   56.4307327      -50.8486900    
   63.2415161      -69.3154907    
   69.2078629      -87.6748962    
   73.3604584      -101.655930    
   74.8576508      -106.938866    
   73.3604584      -101.655930    
   69.2078629      -87.6748962    
   63.2415161      -69.3154907    
   56.4307327      -50.8486900    
   49.5674019      -34.9259109    
   43.1526871      -22.4820976    
   37.4282646      -13.3665552    
   32.4598465      -6.97564507    
   28.2150497      -2.63503003    
   24.6171474      0.236299545    
   28.2150707      -2.63510919    
   32.4598618      -6.97572994    
   37.4282646      -13.3666372    
   43.1526680      -22.4821587    
   49.5673561      -34.9259186    
   56.4306526      -50.8486023    
   63.2413864      -69.3152466    
   69.2076874      -87.6744690    
   73.3602448      -101.655350    
   74.8574295      -106.938225    
   73.3602448      -101.655350    
   69.2076874      -87.6744690    
   63.2413864      -69.3152466    
   56.4306526      -50.8486023    
   49.5673561      -34.9259186    
   43.1526680      -22.4821587    
   37.4282646      -13.3666372    
   32.4598618      -6.97572994    
   28.2150707      -2.63510919    
   24.6171684      0.236240268    
   28.2150898      -2.63517642    
   32.4598732      -6.97580147    
   37.4282684      -13.3667059    
   43.1526527      -22.4822102    
   49.5673180      -34.9259262    
   56.4305801      -50.8485298    
   63.2412758      -69.3150406    
   69.2075348      -87.6741028    
   73.3600693      -101.654869    
   74.8572388      -106.937683    
   73.3600693      -101.654869    
   69.2075348      -87.6741028    
   63.2412758      -69.3150406    
   56.4305801      -50.8485298    
   49.5673180      -34.9259262    
   43.1526527      -22.4822102    
   37.4282684      -13.3667059    
   32.4598732      -6.97580147    
   28.2150898      -2.63517642    
   24.6171837      0.236190900    
   28.2150993      -2.63523102    
   32.4598770      -6.97585869    
   37.4282608      -13.3667564    
   43.1526299      -22.4822426    
   49.5672722      -34.9259148    
   56.4305077      -50.8484421    
   63.2411766      -69.3148575    
   69.2074051      -87.6737976    
   73.3599091      -101.654434    
   74.8570709      -106.937210    
   73.3599091      -101.654434    
   69.2074051      -87.6737976    
   63.2411766      -69.3148575    
   56.4305077      -50.8484421    
   49.5672722      -34.9259148    
   43.1526299      -22.4822426    
   37.4282608      -13.3667564    
   32.4598770      -6.97585869    
   28.2150993      -2.63523102    
   24.6171932      0.236148879    
   28.2151051      -2.63527775    
   32.4598770      -6.97590685    
   37.4282532      -13.3668022    
   43.1526108      -22.4822712    
   49.5672379      -34.9259109    
   56.4304504      -50.8483734    
   63.2410812      -69.3146820    
   69.2072830      -87.6735153    
   73.3597641      -101.654053    
   74.8569183      -106.936790    
   73.3597641      -101.654053    
   69.2072830      -87.6735153    
   63.2410812      -69.3146820    
   56.4304504      -50.8483734    
   49.5672379      -34.9259109    
   43.1526108      -22.4822712    
   37.4282532      -13.3668022    
   32.4598770      -6.97590685    
   28.2151051      -2.63527775    
