   1.07490814    
   1.31518173    
   1.64397717    
   2.10925388    
   2.79476118    
   3.85484314    
   5.58952236    
   8.59926510    
   13.9738064    
   22.3580894    
   27.9476128    
   22.3580894    
   13.9738064    
   8.59926510    
   5.58952236    
   3.85484314    
   2.79476118    
   2.10925388    
   1.64397717    
   1.31518173    
   2.47772694    
   3.05685163    
   3.86517024    
   5.04143333    
   6.84742212    
   9.82578564    
   15.2545271    
   26.7492733    
   57.9284401    
   192.686722    
   858.023743    
   192.686722    
   57.9284401    
   26.7492733    
   15.2545271    
   9.82578564    
   6.84742212    
   5.04143333    
   3.86517024    
   3.05685163    
   2.74701571    
   3.38838458    
   4.28313971    
   5.58426857    
   7.57985687    
   10.8653193    
   16.8360081    
   29.4028912    
   62.9832687    
   200.103439    
   729.495911    
   200.103439    
   62.9832687    
   29.4028912    
   16.8360081    
   10.8653193    
   7.57985687    
   5.58426857    
   4.28313971    
   3.38838458    
   3.02615213    
   3.73171830    
   4.71541786    
   6.14460850    
   8.33367348    
   11.9299402    
   18.4409580    
   32.0427361    
   67.7216644    
   204.034805    
   620.068481    
   204.034805    
   67.7216644    
   32.0427361    
   18.4409580    
   11.9299402    
   8.33367348    
   6.14460850    
   4.71541786    
   3.73171830    
   3.33781028    
   4.11468649    
   5.19695330    
   6.76758099    
   9.16922951    
   13.1041288    
   20.1948681    
   34.8705139    
   72.5068207    
   205.745453    
   531.002380    
   205.745453    
   72.5068207    
   34.8705139    
   20.1948681    
   13.1041288    
   9.16922951    
   6.76758099    
   5.19695330    
   4.11468649    
   3.71970892    
   4.58358097    
   5.78585434    
   7.52818727    
   10.1867867    
   14.5280933    
   22.3057804    
   38.2201729    
   77.9395676    
   207.030334    
   462.222137    
   207.030334    
   77.9395676    
   38.2201729    
   22.3057804    
   14.5280933    
   10.1867867    
   7.52818727    
   5.78585434    
   4.58358097    
   4.21676731    
   5.19340611    
   6.55095053    
   8.51486015    
   11.5037413    
   16.3641663    
   25.0097485    
   42.4555092    
   84.6159058    
   209.356842    
   411.634064    
   209.356842    
   84.6159058    
   42.4555092    
   25.0097485    
   16.3641663    
   11.5037413    
   8.51486015    
   6.55095053    
   5.19340611    
   4.87125015    
   5.99564838    
   7.55620241    
   9.80891514    
   13.2262888    
   18.7552528    
   28.5044250    
   47.8500557    
   92.8726120    
   213.277451    
   375.587952    
   213.277451    
   92.8726120    
   47.8500557    
   28.5044250    
   18.7552528    
   13.2262888    
   9.80891514    
   7.55620241    
   5.99564838    
   5.71574640    
   7.02954435    
   8.84954739    
   11.4697990    
   15.4290514    
   21.7950096    
   32.9020119    
   54.5064735    
   102.652908    
   218.405594    
   349.936523    
   218.405594    
   102.652908    
   54.5064735    
   32.9020119    
   21.7950096    
   15.4290514    
   11.4697990    
   8.84954739    
   7.02954435    
   6.77007580    
   8.31820583    
   10.4579105    
   13.5284510    
   18.1458759    
   25.5145454    
   38.2095490    
   62.3311005    
   113.520409    
   223.795303    
   330.961945    
   223.795303    
   113.520409    
   62.3311005    
   38.2095490    
   25.5145454    
   18.1458759    
   13.5284510    
   10.4579105    
   8.31820583    
   8.04092121    
   9.86813259    
   12.3865557    
   15.9864340    
   21.3687363    
   29.8814354    
   44.3305588    
   71.0531845    
   124.780373    
   228.406952    
   315.838654    
   228.406952    
   124.780373    
   71.0531845    
   44.3305588    
   29.8814354    
   21.3687363    
   15.9864340    
   12.3865557    
   9.86813259    
   9.52323055    
   11.6709442    
   14.6212921    
   18.8189240    
   25.0522041    
   34.8076134    
   51.0826950    
   80.2767334    
   135.652557    
   231.444397    
   302.694122    
   231.444397    
   135.652557    
   80.2767334    
   51.0826950    
   34.8076134    
   25.0522041    
   18.8189240    
   14.6212921    
   11.6709442    
   11.2025909    
   13.7063551    
   17.1323528    
   21.9800625    
   29.1214905    
   40.1631165    
   58.2259407    
   89.5501404    
   145.437164    
   232.495529    
   290.449738    
   232.495529    
   145.437164    
   89.5501404    
   58.2259407    
   40.1631165    
   29.1214905    
   21.9800625    
   17.1323528    
   13.7063551    
   13.0573378    
   15.9448681    
   19.8780155    
   25.4081345    
   33.4806137    
   45.7906876    
   65.4926529    
   98.4330750    
   153.623962    
   231.506668    
   278.584686    
   231.506668    
   153.623962    
   98.4330750    
   65.4926529    
   45.7906876    
   33.4806137    
   25.4081345    
   19.8780155    
   15.9448681    
   15.0596170    
   18.3492756    
   22.8068371    
   29.0292053    
   38.0188332    
   51.5183258    
   72.6137009    
   106.546547    
   159.929459    
   228.672318    
   266.915283    
   228.672318    
   159.929459    
   106.546547    
   72.6137009    
   51.5183258    
   38.0188332    
   29.0292053    
   22.8068371    
   18.3492756    
   17.1757889    
   20.8754139    
   25.8590870    
   32.7598839    
   42.6161461    
   57.1704216    
   79.3400726    
   113.603935    
   164.279587    
   224.316513    
   255.432999    
   224.316513    
   164.279587    
   113.603935    
   79.3400726    
   57.1704216    
   42.6161461    
   32.7598839    
   25.8590870    
   20.8754139    
   19.3670769    
   23.4733047    
   28.9687672    
   36.5109177    
   47.1498337    
   62.5794792    
   85.4616318    
   119.425529    
   166.764969    
   218.804520    
   244.206299    
   218.804520    
   166.764969    
   119.425529    
   85.4616318    
   62.5794792    
   47.1498337    
   36.5109177    
   28.9687672    
   23.4733047    
   21.5910187    
   26.0892906    
   32.0668564    
   40.1923027    
   51.5025368    
   67.5984116    
   90.8218155    
   123.938957    
   167.588379    
   212.489792    
   233.328064    
   212.489792    
   167.588379    
   123.938957    
   90.8218155    
   67.5984116    
   51.5025368    
   40.1923027    
   32.0668564    
   26.0892906    
   23.8037586    
   28.6691704    
   35.0856819    
   43.7194672    
   55.5709000    
   72.1114273    
   95.3261795    
   127.167549    
   167.015762    
   205.687286    
   222.890259    
   205.687286    
   167.015762    
   127.167549    
   95.3261795    
   72.1114273    
   55.5709000    
   43.7194672    
   35.0856819    
   28.6691704    
   25.9627781    
   31.1617279    
   37.9635773    
   47.0193214    
   59.2729797    
   76.0412445    
   98.9428253    
   129.209625    
   165.335724    
   198.662491    
   212.972107    
   198.662491    
   165.335724    
   129.209625    
   98.9428253    
   76.0412445    
   59.2729797    
   47.0193214    
   37.9635773    
   31.1617279    
   28.0295486    
   33.5220451    
   40.6488953    
   50.0349464    
   62.5529175    
   79.3511200    
   101.695396    
   130.213852    
   162.829865    
   191.629517    
   203.635132    
   191.629517    
   162.829865    
   130.213852    
   101.695396    
   79.3511200    
   62.5529175    
   50.0349464    
   40.6488953    
   33.5220451    
   29.9716606    
   35.7139282    
   43.1026993    
   52.7281075    
   65.3820343    
   82.0417328    
   103.650505    
   130.354538    
   159.753159    
   184.753418    
   194.921371    
   184.753418    
   159.753159    
   130.354538    
   103.650505    
   82.0417328    
   65.3820343    
   52.7281075    
   43.1026993    
   35.7139282    
   31.7642326    
   37.7113495    
   45.2999344    
   55.0795441    
   67.7569351    
   84.1445084    
   104.903160    
   129.811310    
   156.323761    
   178.155472    
   186.853958    
   178.155472    
   156.323761    
   129.811310    
   104.903160    
   84.1445084    
   67.7569351    
   55.0795441    
   45.2999344    
   37.7113495    
   33.3904762    
   39.4987335    
   47.2290878    
   57.0872993    
   69.6952286    
   85.7129211    
   105.562790    
   128.754257    
   152.719650    
   171.919556    
   179.439270    
   171.919556    
   152.719650    
   128.754257    
   105.562790    
   85.7129211    
   69.6952286    
   57.0872993    
   47.2290878    
   39.4987335    
   34.8415108    
   41.0702934    
   48.8906708    
   58.7637215    
   71.2301254    
   86.8138123    
   105.741714    
   127.334900    
   149.080017    
   166.098969    
   172.669601    
   166.098969    
   149.080017    
   127.334900    
   105.741714    
   86.8138123    
   71.2301254    
   58.7637215    
   48.8906708    
   41.0702934    
   36.1155777    
   42.4286919    
   50.2949638    
   60.1318092    
   72.4048157    
   87.5195694    
   105.546783    
   125.681755    
   145.509293    
   160.722656    
   166.526230    
   160.722656    
   145.509293    
   125.681755    
   105.546783    
   87.5195694    
   72.4048157    
   60.1318092    
   50.2949638    
   42.4286919    
   37.2168655    
   43.5832787    
   51.4594498    
   61.2215195    
   73.2674332    
   87.9021530    
   105.074081    
   123.899490    
   142.082291    
   155.800995    
   160.982178    
   155.800995    
   142.082291    
   123.899490    
   105.074081    
   87.9021530    
   73.2674332    
   61.2215195    
   51.4594498    
   43.5832787    
   38.1542091    
   44.5483017    
   52.4063683    
   62.0665321    
   73.8671188    
   88.0290146    
   104.406517    
   122.070465    
   138.849915    
   151.330811    
   156.005127    
   151.330811    
   138.849915    
   122.070465    
   104.406517    
   88.0290146    
   73.8671188    
   62.0665321    
   52.4063683    
   44.5483017    
   38.9397087    
   45.3411407    
   53.1604576    
   62.7015152    
   74.2509918    
   87.9604797    
   103.612946    
   120.257088    
   135.843994    
   147.299133    
   151.559250    
   147.299133    
   135.843994    
   120.257088    
   103.612946    
   87.9604797    
   74.2509918    
   62.7015152    
   53.1604576    
   45.3411407    
   39.5874672    
   45.9807701    
   53.7471428    
   63.1601219    
   74.4622498    
   87.7486343    
   102.748856    
   118.504974    
   133.081787    
   143.686371    
   147.607040    
   143.686371    
   133.081787    
   118.504974    
   102.748856    
   87.7486343    
   74.4622498    
   63.1601219    
   53.7471428    
   45.9807701    
   40.1126137    
   46.4865875    
   54.1912537    
   63.4737015    
   74.5391693    
   87.4371262    
   101.857620    
   116.845947    
   130.569748    
   140.468750    
   144.110611    
   140.468750    
   130.569748    
   116.845947    
   101.857620    
   87.4371262    
   74.5391693    
   63.4737015    
   54.1912537    
   46.4865875    
   40.5304298    
   46.8775101    
   54.5160942    
   63.6704712    
   74.5146866    
   87.0615616    
   100.972137    
   115.300835    
   128.306274    
   137.620056    
   141.032578    
   137.620056    
   128.306274    
   115.300835    
   100.972137    
   87.0615616    
   74.5146866    
   63.6704712    
   54.5160942    
   46.8775101    
   40.8557472    
   47.1713371    
   54.7428741    
   63.7752037    
   74.4164734    
   86.6502609    
   100.116524    
   113.881882    
   126.284203    
   135.112885    
   138.336655    
   135.112885    
   126.284203    
   113.881882    
   100.116524    
   86.6502609    
   74.4164734    
   63.7752037    
   54.7428741    
   47.1713371    
   41.1024857    
   47.3843346    
   54.8903809    
   63.8090744    
   74.2672043    
   86.2250977    
   99.3075714    
   112.594650    
   124.492302    
   132.919510    
   135.987976    
   132.919510    
   124.492302    
   112.594650    
   99.3075714    
   86.2250977    
   74.2672043    
   63.8090744    
   54.8903809    
   47.3843346    
   41.2834587    
   47.5311089    
   54.9750290    
   63.7899437    
   74.0851822    
   85.8026505    
   98.5563812    
   111.439835    
   122.916916    
   131.012634    
   133.953506    
   131.012634    
   122.916916    
   111.439835    
   98.5563812    
   85.8026505    
   74.0851822    
   63.7899437    
   54.9750290    
   47.5311089    
   41.4101791    
   47.6244888    
   55.0108261    
   63.7325516    
   73.8847809    
   85.3949432    
   97.8694534    
   110.414520    
   121.542778    
   129.365738    
   132.202087    
   129.365738    
   121.542778    
   110.414520    
   97.8694534    
   85.3949432    
   73.8847809    
   63.7325516    
   55.0108261    
   47.6244888    
   41.4928360    
   47.6755714    
   55.0095673    
   63.6488533    
   73.6770782    
   85.0103378    
   97.2497482    
   109.513130    
   120.353737    
   127.953331    
   130.704391    
   127.953331    
   120.353737    
   109.513130    
   97.2497482    
   85.0103378    
   73.6770782    
   63.6488533    
   55.0095673    
   47.6755714    
   41.5402985    
   47.6938171    
   54.9810410    
   63.5484009    
   73.4703827    
   84.6542435    
   96.6975174    
   108.728302    
   119.333351    
   126.751114    
   129.432968    
   126.751114    
   119.333351    
   108.728302    
   96.6975174    
   84.6542435    
   73.4703827    
   63.5484009    
   54.9810410    
   47.6938171    
   41.5602264    
   47.6872368    
   54.9332924    
   63.4387245    
   73.2707596    
   84.3298569    
   96.2111588    
   108.051659    
   118.465431    
   125.736336    
   128.362457    
   125.736336    
   118.465431    
   108.051659    
   96.2111588    
   84.3298569    
   73.2707596    
   63.4387245    
   54.9332924    
   47.6872368    
   41.5590973    
   47.6624603    
   54.8727913    
   63.3255882    
   73.0824127    
   84.0385284    
   95.7875900    
   107.474068    
   117.734108    
   124.887558    
   127.469208    
   124.887558    
   117.734108    
   107.474068    
   95.7875900    
   84.0385284    
   73.0824127    
   63.3255882    
   54.8727913    
   47.6624603    
   41.5423660    
   47.6249428    
   54.8046951    
   63.2133408    
   72.9080734    
   83.7803040    
   95.4227600    
   106.986183    
   117.124184    
   124.184837    
   126.731438    
   124.184837    
   117.124184    
   106.986183    
   95.4227600    
   83.7803040    
   72.9080734    
   63.2133408    
   54.8046951    
   47.6249428    
   41.5145378    
   47.5791016    
   54.7330246    
   63.1051369    
   72.7493515    
   83.5542297    
   95.1120529    
   106.578629    
   116.621254    
   123.609711    
   126.129112    
   123.609711    
   116.621254    
   106.578629    
   95.1120529    
   83.5542297    
   72.7493515    
   63.1051369    
   54.7330246    
   47.5791016    
   41.4793053    
   47.5284729    
   54.6608810    
   63.0032082    
   72.6069565    
   83.3586960    
   94.8505402    
   106.242332    
   116.211861    
   123.145264    
   125.643974    
   123.145264    
   116.211861    
   106.242332    
   94.8505402    
   83.3586960    
   72.6069565    
   63.0032082    
   54.6608810    
   47.5284729    
   41.4396057    
   47.4757805    
   54.5905151    
   62.9089432    
   72.4808807    
   83.1915283    
   94.6330795    
   105.968521    
   115.883430    
   122.775925    
   125.259308    
   122.775925    
   115.883430    
   105.968521    
   94.6330795    
   83.1915283    
   72.4808807    
   62.9089432    
   54.5905151    
   47.4757805    
   41.3977776    
   47.4231377    
   54.5235901    
   62.8232040    
   72.3706741    
   83.0503693    
   94.4546967    
   105.749016    
   115.624496    
   122.487679    
   124.960121    
   122.487679    
   115.624496    
   105.749016    
   94.4546967    
   83.0503693    
   72.3706741    
   62.8232040    
   54.5235901    
   47.4231377    
   41.3556442    
   47.3721352    
   54.4612389    
   62.7463684    
   72.2755432    
   82.9327087    
   94.3105698    
   105.576225    
   115.424644    
   122.267921    
   124.732971    
   122.267921    
   115.424644    
   105.576225    
   94.3105698    
   82.9327087    
   72.2755432    
   62.7463684    
   54.4612389    
   47.3721352    
   41.3145218    
   47.3238449    
   54.4041176    
   62.6783981    
   72.1943893    
   82.8359146    
   94.1960373    
   105.443085    
   115.274361    
   122.105255    
   124.565750    
   122.105255    
   115.274361    
   105.443085    
   94.1960373    
   82.8359146    
   72.1943893    
   62.6783981    
   54.4041176    
   47.3238449    
   41.2754059    
   47.2790413    
   54.3526154    
   62.6190681    
   72.1260529    
   82.7575226    
   94.1069031    
   105.343315    
   115.165306    
   121.989746    
   124.447914    
   121.989746    
   115.165306    
   105.343315    
   94.1069031    
   82.7575226    
   72.1260529    
   62.6190681    
   54.3526154    
   47.2790413    
   41.2389412    
   47.2381554    
   54.3068047    
   62.5678978    
   72.0692444    
   82.6950760    
   94.0392151    
   105.271202    
   115.089981    
   121.912544    
   124.370110    
   121.912544    
   115.089981    
   105.271202    
   94.0392151    
   82.6950760    
   72.0692444    
   62.5678978    
   54.3068047    
   47.2381554    
   41.2055511    
   47.2014122    
   54.2666016    
   62.5243225    
   72.0226898    
   82.6463165    
   93.9894257    
   105.221756    
   115.041931    
   121.866058    
   124.324310    
   121.866058    
   115.041931    
   105.221756    
   93.9894257    
   82.6463165    
   72.0226898    
   62.5243225    
   54.2666016    
   47.2014122    
   41.1754417    
   47.1688423    
   54.2317543    
   62.4876747    
   71.9851151    
   82.6091537    
   93.9543991    
   105.190575    
   115.015495    
   121.843712    
   124.303581    
   121.843712    
   115.015495    
   105.190575    
   93.9543991    
   82.6091537    
   71.9851151    
   62.4876747    
   54.2317543    
   47.1688423    
   41.1486855    
   47.1403542    
   54.2019424    
   62.4572754    
   71.9553375    
   82.5817184    
   93.9313736    
   105.173851    
   115.005890    
   121.839912    
   124.302063    
   121.839912    
   115.005890    
   105.173851    
   93.9313736    
   82.5817184    
   71.9553375    
   62.4572754    
   54.2019424    
   47.1403542    
   41.1252136    
   47.1157532    
   54.1767502    
   62.4324188    
   71.9322281    
   82.5622940    
   93.9179077    
   105.168350    
   115.009026    
   121.849976    
   124.314804    
   121.849976    
   115.009026    
   105.168350    
   93.9179077    
   82.5622940    
   71.9322281    
   62.4324188    
   54.1767502    
   47.1157532    
   41.1048965    
   47.0947723    
   54.1557426    
   62.4124146    
   71.9147568    
   82.5493927    
   93.9119339    
   105.171303    
   115.021492    
   121.869987    
   124.337723    
   121.869987    
   115.021492    
   105.171303    
   93.9119339    
   82.5493927    
   71.9147568    
   62.4124146    
   54.1557426    
   47.0947723    
   41.0875168    
   47.0771027    
   54.1384659    
   62.3966026    
   71.9019623    
   82.5416946    
   93.9116592    
   105.180420    
   115.040474    
   121.896744    
   124.367462    
   121.896744    
   115.040474    
   105.180420    
   93.9116592    
   82.5416946    
   71.9019623    
   62.3966026    
   54.1384659    
   47.0771027    
   41.0728569    
   47.0624390    
   54.1244888    
   62.3843842    
   71.8930511    
   82.5381012    
   93.9156418    
   105.193848    
   115.063736    
   121.927711    
   124.401382    
   121.927711    
   115.063736    
   105.193848    
   93.9156418    
   82.5381012    
   71.8930511    
   62.3843842    
   54.1244888    
   47.0624390    
   41.0606422    
   47.0504265    
   54.1133614    
   62.3751831    
   71.8872604    
   82.5376282    
   93.9226303    
   105.210014    
   115.089417    
   121.960815    
   124.437325    
   121.960815    
   115.089417    
   105.210014    
   93.9226303    
   82.5376282    
   71.8872604    
   62.3751831    
   54.1133614    
   47.0504265    
   41.0506134    
   47.0407448    
   54.1046829    
   62.3684921    
   71.8839493    
   82.5394897    
   93.9316254    
   105.227737    
   115.116127    
   121.994514    
   124.473686    
   121.994514    
   115.116127    
   105.227737    
   93.9316254    
   82.5394897    
   71.8839493    
   62.3684921    
   54.1046829    
   47.0407448    
   41.0424919    
   47.0330734    
   54.0980682    
   62.3638573    
   71.8825607    
   82.5429916    
   93.9418106    
   105.246040    
   115.142738    
   122.027580    
   124.509216    
   122.027580    
   115.142738    
   105.246040    
   93.9418106    
   82.5429916    
   71.8825607    
   62.3638573    
   54.0980682    
   47.0330734    
   41.0360413    
   47.0271263    
   54.0932007    
   62.3608932    
   71.8826675    
   82.5476379    
   93.9525986    
   105.264244    
   115.168518    
   122.059219    
   124.543091    
   122.059219    
   115.168518    
   105.264244    
   93.9525986    
   82.5476379    
   71.8826675    
   62.3608932    
   54.0932007    
   47.0271263    
   41.0310211    
   47.0226402    
   54.0897598    
   62.3592491    
   71.8838501    
   82.5529633    
   93.9634857    
   105.281807    
   115.192871    
   122.088821    
   124.574684    
   122.088821    
   115.192871    
   105.281807    
   93.9634857    
   82.5529633    
   71.8838501    
   62.3592491    
   54.0897598    
   47.0226402    
   41.0272179    
   47.0193787    
   54.0874939    
   62.3586426    
   71.8858185    
   82.5586472    
   93.9741364    
   105.298370    
   115.215446    
   122.116028    
   124.603645    
   122.116028    
   115.215446    
   105.298370    
   93.9741364    
   82.5586472    
   71.8858185    
   62.3586426    
   54.0874939    
   47.0193787    
   41.0244217    
   47.0171127    
   54.0861549    
   62.3588142    
   71.8882904    
   82.5644150    
   93.9842682    
   105.313698    
   115.236008    
   122.140617    
   124.629776    
   122.140617    
   115.236008    
   105.313698    
   93.9842682    
   82.5644150    
   71.8882904    
   62.3588142    
   54.0861549    
   47.0171127    
   41.0224571    
   47.0156517    
   54.0855446    
   62.3595543    
   71.8910675    
   82.5700684    
   93.9937057    
   105.327614    
   115.254440    
   122.162514    
   124.652985    
   122.162514    
   115.254440    
   105.327614    
   93.9937057    
   82.5700684    
   71.8910675    
   62.3595543    
   54.0855446    
   47.0156517    
   41.0211563    
   47.0148163    
   54.0854797    
   62.3606796    
   71.8939590    
   82.5754471    
   94.0023270    
   105.340057    
   115.270714    
   122.181740    
   124.673325    
   122.181740    
   115.270714    
   105.340057    
   94.0023270    
   82.5754471    
   71.8939590    
   62.3606796    
   54.0854797    
   47.0148163    
   41.0204010    
   47.0144882    
   54.0858345    
   62.3620720    
   71.8968735    
   82.5804825    
   94.0101166    
   105.351059    
   115.284950    
   122.198441    
   124.690956    
   122.198441    
   115.284950    
   105.351059    
   94.0101166    
   82.5804825    
   71.8968735    
   62.3620720    
   54.0858345    
   47.0144882    
   41.0200653    
   47.0145378    
   54.0864792    
   62.3636131    
   71.8997116    
   82.5850983    
   94.0170288    
   105.360649    
   115.297211    
   122.212738    
   124.706032    
   122.212738    
   115.297211    
   105.360649    
   94.0170288    
   82.5850983    
   71.8997116    
   62.3636131    
   54.0864792    
   47.0145378    
   41.0200500    
   47.0148659    
   54.0873222    
   62.3652191    
   71.9023972    
   82.5892639    
   94.0230865    
   105.368904    
   115.307640    
   122.224831    
   124.718750    
   122.224831    
   115.307640    
   105.368904    
   94.0230865    
   82.5892639    
   71.9023972    
   62.3652191    
   54.0873222    
   47.0148659    
   41.0202751    
   47.0153885    
   54.0882912    
   62.3668251    
   71.9048996    
   82.5929794    
   94.0283356    
   105.375923    
   115.316414    
   122.234932    
   124.729347    
   122.234932    
   115.316414    
   105.375923    
   94.0283356    
   82.5929794    
   71.9048996    
   62.3668251    
   54.0882912    
   47.0153885    
   41.0206642    
   47.0160370    
   54.0893135    
   62.3683777    
   71.9071808    
   82.5962372    
   94.0328140    
   105.381805    
   115.323669    
   122.243233    
   124.738045    
   122.243233    
   115.323669    
   105.381805    
   94.0328140    
   82.5962372    
   71.9071808    
   62.3683777    
   54.0893135    
   47.0160370    
   41.0211678    
   47.0167618    
   54.0903473    
   62.3698387    
   71.9092255    
   82.5990448    
   94.0365829    
   105.386658    
   115.329590    
   122.249954    
   124.745064    
   122.249954    
   115.329590    
   105.386658    
   94.0365829    
   82.5990448    
   71.9092255    
   62.3698387    
   54.0903473    
   47.0167618    
   41.0217361    
   47.0175209    
   54.0913582    
   62.3711967    
   71.9110489    
   82.6014633    
   94.0397339    
   105.390633    
   115.334358    
   122.255318    
   124.750656    
   122.255318    
   115.334358    
   105.390633    
   94.0397339    
   82.6014633    
   71.9110489    
   62.3711967    
   54.0913582    
   47.0175209    
   41.0223351    
   47.0182724    
   54.0923157    
   62.3724251    
   71.9126358    
   82.6035004    
   94.0423050    
   105.393799    
   115.338104    
   122.259499    
   124.754990    
   122.259499    
   115.338104    
   105.393799    
   94.0423050    
   82.6035004    
   71.9126358    
   62.3724251    
   54.0923157    
   47.0182724    
   41.0229378    
   47.0190048    
   54.0932159    
   62.3735352    
   71.9140015    
   82.6052017    
   94.0443954    
   105.396309    
   115.341011    
   122.262688    
   124.758293    
   122.262688    
   115.341011    
   105.396309    
   94.0443954    
   82.6052017    
   71.9140015    
   62.3735352    
   54.0932159    
   47.0190048    
   41.0235329    
   47.0197029    
   54.0940361    
   62.3745155    
   71.9151764    
   82.6065979    
   94.0460510    
   105.398232    
   115.343185    
   122.265053    
   124.760719    
   122.265053    
   115.343185    
   105.398232    
   94.0460510    
   82.6065979    
   71.9151764    
   62.3745155    
   54.0940361    
   47.0197029    
   41.0241013    
   47.0203552    
   54.0947876    
   62.3753777    
   71.9161682    
   82.6077347    
   94.0473480    
   105.399689    
   115.344772    
   122.266731    
   124.762436    
   122.266731    
   115.344772    
   105.399689    
   94.0473480    
   82.6077347    
   71.9161682    
   62.3753777    
   54.0947876    
   47.0203552    
   41.0246315    
   47.0209503    
   54.0954552    
   62.3761215    
   71.9169998    
   82.6086502    
   94.0483322    
   105.400742    
   115.345879    
   122.267868    
   124.763580    
   122.267868    
   115.345879    
   105.400742    
   94.0483322    
   82.6086502    
   71.9169998    
   62.3761215    
   54.0954552    
   47.0209503    
   41.0251122    
   47.0214767    
   54.0960312    
   62.3767471    
   71.9176712    
   82.6093521    
   94.0490494    
   105.401443    
   115.346558    
   122.268517    
   124.764221    
   122.268517    
   115.346558    
   105.401443    
   94.0490494    
   82.6093521    
   71.9176712    
   62.3767471    
   54.0960312    
   47.0214767    
   41.0255470    
   47.0219498    
   54.0965385    
   62.3772812    
   71.9182129    
   82.6098938    
   94.0495605    
   105.401894    
   115.346939    
   122.268837    
   124.764519    
   122.268837    
   115.346939    
   105.401894    
   94.0495605    
   82.6098938    
   71.9182129    
   62.3772812    
   54.0965385    
   47.0219498    
   41.0259361    
   47.0223656    
   54.0969734    
   62.3777275    
   71.9186478    
   82.6102905    
   94.0498962    
   105.402145    
   115.347084    
   122.268898    
   124.764549    
   122.268898    
   115.347084    
   105.402145    
   94.0498962    
   82.6102905    
   71.9186478    
   62.3777275    
   54.0969734    
   47.0223656    
   41.0262756    
   47.0227203    
   54.0973358    
   62.3780823    
   71.9189835    
   82.6105652    
   94.0500870    
   105.402222    
   115.347031    
   122.268745    
   124.764351    
   122.268745    
   115.347031    
   105.402222    
   94.0500870    
   82.6105652    
   71.9189835    
   62.3780823    
   54.0973358    
   47.0227203    
   41.0265694    
   47.0230217    
   54.0976410    
   62.3783722    
   71.9192352    
   82.6107559    
   94.0501709    
   105.402176    
   115.346848    
   122.268448    
   124.764015    
   122.268448    
   115.346848    
   105.402176    
   94.0501709    
   82.6107559    
   71.9192352    
   62.3783722    
   54.0976410    
   47.0230217    
   41.0268173    
   47.0232773    
   54.0978889    
   62.3786011    
   71.9194183    
   82.6108627    
   94.0501709    
   105.402039    
   115.346565    
   122.268051    
   124.763573    
   122.268051    
   115.346565    
   105.402039    
   94.0501709    
   82.6108627    
   71.9194183    
   62.3786011    
   54.0978889    
   47.0232773    
   41.0270309    
   47.0234871    
   54.0980873    
   62.3787766    
   71.9195480    
   82.6109161    
   94.0501099    
   105.401840    
   115.346222    
   122.267601    
   124.763077    
   122.267601    
   115.346222    
   105.401840    
   94.0501099    
   82.6109161    
   71.9195480    
   62.3787766    
   54.0980873    
   47.0234871    
   41.0272064    
   47.0236626    
   54.0982513    
   62.3789101    
   71.9196320    
   82.6109238    
   94.0500183    
   105.401604    
   115.345848    
   122.267113    
   124.762550    
   122.267113    
   115.345848    
   105.401604    
   94.0500183    
   82.6109238    
   71.9196320    
   62.3789101    
   54.0982513    
   47.0236626    
   41.0273399    
   47.0237885    
   54.0983658    
   62.3789940    
   71.9196625    
   82.6108780    
   94.0498657    
   105.401329    
   115.345436    
   122.266602    
   124.762001    
   122.266602    
   115.345436    
   105.401329    
   94.0498657    
   82.6108780    
   71.9196625    
   62.3789940    
   54.0983658    
   47.0237885    
   41.0274658    
   47.0239067    
   54.0984650    
   62.3790665    
   71.9196930    
   82.6108398    
   94.0497284    
   105.401077    
   115.345070    
   122.266144    
   124.761505    
   122.266144    
   115.345070    
   105.401077    
   94.0497284    
   82.6108398    
   71.9196930    
   62.3790665    
   54.0984650    
   47.0239067    
   41.0275536    
   47.0239868    
   54.0985298    
   62.3791046    
   71.9196854    
   82.6107635    
   94.0495682    
   105.400803    
   115.344688    
   122.265678    
   124.761009    
   122.265678    
   115.344688    
   105.400803    
   94.0495682    
   82.6107635    
   71.9196854    
   62.3791046    
   54.0985298    
   47.0239868    
   41.0276184    
   47.0240479    
   54.0985756    
   62.3791199    
   71.9196625    
   82.6106796    
   94.0494003    
   105.400536    
   115.344322    
   122.265236    
   124.760536    
   122.265236    
   115.344322    
   105.400536    
   94.0494003    
   82.6106796    
   71.9196625    
   62.3791199    
   54.0985756    
   47.0240479    
   41.0276794    
   47.0240974    
   54.0986137    
   62.3791351    
   71.9196396    
   82.6106110    
   94.0492554    
   105.400322    
   115.344025    
   122.264870    
   124.760147    
   122.264870    
   115.344025    
   105.400322    
   94.0492554    
   82.6106110    
   71.9196396    
   62.3791351    
   54.0986137    
   47.0240974    
   41.0277214    
   47.0241318    
   54.0986328    
   62.3791351    
   71.9196091    
   82.6105270    
   94.0491180    
   105.400101    
   115.343727    
   122.264511    
   124.759766    
   122.264511    
   115.343727    
   105.400101    
   94.0491180    
   82.6105270    
   71.9196091    
   62.3791351    
   54.0986328    
   47.0241318    
   41.0277557    
   47.0241661    
   54.0986557    
   62.3791389    
   71.9195862    
   82.6104660    
   94.0490036    
   105.399918    
   115.343483    
   122.264221    
   124.759453    
   122.264221    
   115.343483    
   105.399918    
   94.0490036    
   82.6104660    
   71.9195862    
   62.3791389    
   54.0986557    
   47.0241661    
   41.0277786    
   47.0241776    
   54.0986557    
   62.3791237    
   71.9195404    
   82.6103897    
   94.0488739    
   105.399750    
   115.343254    
   122.263954    
   124.759171    
   122.263954    
   115.343254    
   105.399750    
   94.0488739    
   82.6103897    
   71.9195404    
   62.3791237    
   54.0986557    
   47.0241776    
   41.0277863    
   47.0241814    
   54.0986481    
   62.3791008    
   71.9194946    
   82.6103134    
   94.0487595    
   105.399574    
   115.343033    
   122.263687    
   124.758896    
   122.263687    
   115.343033    
   105.399574    
   94.0487595    
   82.6103134    
   71.9194946    
   62.3791008    
   54.0986481    
   47.0241814    
