   6932.17383    
   34167.6016    
   24558.0605    
   17772.6953    
   13172.6807    
   10163.4844    
   8226.06348    
   6960.36475    
   6093.09619    
   5452.47266    
   4935.05176    
   4480.50391    
   4056.11548    
   3647.01562    
   3249.20337    
   2864.47388    
   2497.07397    
   2151.71533    
   1832.51892    
   1542.49585    
   1283.36511    
   1055.55518    
   858.360596    
   690.168152    
   548.718323    
   431.351562    
   335.224060    
   257.486115    
   195.401352    
   146.434402    
   108.300400    
   78.9864044    
   56.7547455    
   40.1306877    
   27.8852844    
   19.0094051    
   12.6870461    
   8.26877689    
   5.24658155    
   3.22855663    
   1.91807008    
   1.09462857    
  0.597682714    
  0.312707573    
  0.160263106    
   8.66945311E-02
   5.69645613E-02
   4.92229536E-02
   5.05469479E-02
   5.39019927E-02
   5.59528470E-02
   5.55443168E-02
   5.26988730E-02
   4.79815826E-02
   4.21187319E-02
   3.57784294E-02
   2.95124520E-02
   2.36913431E-02
   1.85478888E-02
   1.41709317E-02
   1.05754966E-02
   7.70814810E-03
   5.48635283E-03
   3.81157640E-03
   2.58271140E-03
   1.70163647E-03
   1.08825392E-03
   6.73296396E-04
   4.01042140E-04
   2.29216486E-04
   1.25334729E-04
   6.54868418E-05
   3.36268859E-05
   1.82049953E-05
   1.19937022E-05
   1.03690481E-05
   1.06877742E-05
   1.13469459E-05
   1.17679247E-05
   1.17061954E-05
   1.10785395E-05
   1.00707084E-05
   8.80905009E-06
   7.46740761E-06
   6.14521059E-06
   4.85732016E-06
   3.83900533E-06
   2.90721164E-06
   2.13278372E-06
   1.58910962E-06
   1.12796340E-06
   8.13330814E-07
   5.60992476E-07
   3.58635191E-07
