   10.0000000       10.0000000    
   10.6332140       8.98566151    
   11.1023998       8.39966488    
   11.5447197       7.74464846    
   11.9158134       7.09819603    
   12.1879339       6.53255081    
   12.3495398       6.10171509    
   12.4071417       5.83167744    
   12.3878202       5.70561075    
   12.3285456       5.66487741    
   12.2539406       5.65197563    
   12.1731949       5.64305878    
   12.0896130       5.63403797    
   12.0048265       5.62478542    
   11.9197083       5.61542368    
   11.8347168       5.60602474    
   11.7500916       5.59662676    
   11.6659603       5.58724928    
   11.5823965       5.57790375    
   11.4994431       5.56859589    
   11.4171314       5.55933094    
   11.3354855       5.55011129    
   11.2545252       5.54094028    
   11.1742697       5.53181982    
   11.0947351       5.52275276    
   11.0159388       5.51374054    
   10.9378967       5.50478601    
   10.8606243       5.49589205    
   10.7841368       5.48705912    
   10.7084494       5.47829056    
   10.6335764       5.46958828    
   10.5595322       5.46095324    
   10.4863291       5.45238924    
   10.4139805       5.44389725    
   10.3424988       5.43547916    
   10.2718954       5.42713785    
   10.2021818       5.41887379    
   10.1333675       5.41068983    
   10.0654631       5.40258694    
   9.99847794       5.39456797    
   9.93241978       5.38663340    
   9.86729717       5.37878561    
   9.80311680       5.37102604    
   9.73988438       5.36335516    
   9.67760658       5.35577583    
   9.61628723       5.34828806    
   9.55593109       5.34089422    
   9.49654102       5.33359480    
   9.43812084       5.32639074    
   9.38067150       5.31928396    
   9.32419395       5.31227446    
   9.26868916       5.30536318    
   9.21415615       5.29855156    
   9.16059399       5.29183960    
   9.10800171       5.28522825    
   9.05637646       5.27871799    
   9.00571442       5.27230930    
   8.95601273       5.26600218    
   8.90726662       5.25979710    
   8.85947132       5.25369406    
   8.81262016       5.24769402    
   8.76670837       5.24179602    
   8.72172832       5.23600054    
   8.67767334       5.23030710    
   8.63453484       5.22471571    
   8.59230518       5.21922636    
   8.55097485       5.21383858    
   8.51053524       5.20855141    
   8.47097588       5.20336533    
   8.43228817       5.19827890    
   8.39446068       5.19329214    
   8.35748291       5.18840361    
   8.32134438       5.18361330    
   8.28603268       5.17892075    
   8.25153732       5.17432451    
   8.21784592       5.16982365    
   8.18494701       5.16541767    
   8.15282822       5.16110516    
   8.12147713       5.15688515    
   8.09088135       5.15275717    
   8.06102753       5.14871979    
   8.03190422       5.14477158    
   8.00349808       5.14091206    
   7.97579622       5.13713980    
   7.94878578       5.13345337    
   7.92245388       5.12985182    
   7.89678764       5.12633324    
   7.87177420       5.12289715    
   7.84740067       5.11954212    
   7.82365417       5.11626673    
   7.80052233       5.11307001    
   7.77799225       5.10995007    
   7.75605106       5.10690594    
   7.73468637       5.10393620    
   7.71388578       5.10103989    
   7.69363689       5.09821510    
   7.67392778       5.09546041    
   7.65474606       5.09277534    
   7.63607979       5.09015751    
   7.61791706       5.08760643    
   7.60024643       5.08512068    
   7.58305645       5.08269835    
   7.56633615       5.08033848    
   7.55007362       5.07804012    
   7.53425837       5.07580137    
   7.51887941       5.07362127    
   7.50392628       5.07149887    
   7.48938799       5.06943226    
   7.47525501       5.06742048    
   7.46151638       5.06546259    
   7.44816303       5.06355715    
   7.43518448       5.06170273    
   7.42257166       5.05989838    
   7.41031504       5.05814266    
   7.39840555       5.05643559    
   7.38683367       5.05477428    
   7.37559128       5.05315828    
   7.36466932       5.05158710    
   7.35405922       5.05005932    
   7.34375334       5.04857349    
   7.33374310       5.04712915    
   7.32402039       5.04572487    
   7.31457806       5.04435968    
   7.30540800       5.04303265    
   7.29650307       5.04174280    
   7.28785610       5.04048967    
   7.27945995       5.03927135    
   7.27130795       5.03808737    
   7.26339340       5.03693771    
   7.25570917       5.03582001    
   7.24824953       5.03473425    
   7.24100780       5.03367949    
   7.23397827       5.03265524    
   7.22715473       5.03165960    
   7.22053146       5.03069353    
   7.21410322       5.02975464    
   7.20786381       5.02884245    
   7.20180845       5.02795696    
   7.19593191       5.02709675    
   7.19022846       5.02626228    
   7.18469381       5.02545118    
   7.17932320       5.02466440    
   7.17411137       5.02390003    
   7.16905403       5.02315760    
   7.16414690       5.02243710    
   7.15938568       5.02173805    
   7.15476608       5.02105904    
   7.15028381       5.02040005    
   7.14593506       5.01976061    
   7.14171600       5.01913977    
   7.13762283       5.01853704    
   7.13365173       5.01795244    
   7.12979937       5.01738501    
   7.12606239       5.01683378    
   7.12243700       5.01629925    
   7.11892033       5.01578045    
   7.11550903       5.01527739    
   7.11219978       5.01478863    
   7.10898972       5.01431513    
   7.10587645       5.01385498    
   7.10285664       5.01340866    
   7.09992743       5.01297569    
   7.09708643       5.01255560    
   7.09433079       5.01214838    
   7.09165812       5.01175308    
   7.08906555       5.01136923    
   7.08655119       5.01099730    
   7.08411264       5.01063633    
   7.08174753       5.01028585    
   7.07945395       5.00994635    
   7.07722950       5.00961685    
   7.07507229       5.00929689    
   7.07298040       5.00898695    
   7.07095146       5.00868607    
   7.06898403       5.00839424    
   7.06707573       5.00811148    
   7.06522560       5.00783682    
   7.06343126       5.00757074    
   7.06169128       5.00731230    
   7.06000376       5.00706196    
   7.05836725       5.00681877    
   7.05678034       5.00658321    
   7.05524158       5.00635481    
   7.05374956       5.00613308    
   7.05230284       5.00591803    
   7.05089998       5.00570965    
   7.04953957       5.00550747    
   7.04822063       5.00531149    
   7.04694176       5.00512171    
   7.04570150       5.00493717    
   7.04449892       5.00475836    
   7.04333305       5.00458527    
   7.04220247       5.00441694    
   7.04110622       5.00425386    
   7.04004335       5.00409555    
   7.03901243       5.00394249    
   7.03801298       5.00379372    
   7.03704405       5.00364923    
   7.03610468       5.00350952    
   7.03519392       5.00337410    
   7.03431082       5.00324249    
   7.03345442       5.00311518    
   7.03262424       5.00299168    
   7.03181934       5.00287199    
   7.03103876       5.00275564    
   7.03028202       5.00264263    
   7.02954817       5.00253391    
   7.02883673       5.00242758    
   7.02814674       5.00232506    
   7.02747822       5.00222540    
   7.02682972       5.00212860    
   7.02620125       5.00203514    
   7.02559185       5.00194454    
   7.02500105       5.00185633    
   7.02442789       5.00177097    
   7.02387238       5.00168800    
   7.02333403       5.00160789    
   7.02281189       5.00153017    
   7.02230549       5.00145435    
   7.02181482       5.00138140    
   7.02133894       5.00131035    
   7.02087784       5.00124168    
   7.02043056       5.00117493    
   7.01999712       5.00111008    
   7.01957655       5.00104761    
   7.01916885       5.00098705    
   7.01877356       5.00092793    
   7.01839066       5.00087118    
   7.01801920       5.00081587    
   7.01765919       5.00076199    
   7.01731014       5.00071001    
   7.01697159       5.00065947    
   7.01664352       5.00061035    
   7.01632547       5.00056314    
   7.01601696       5.00051689    
   7.01571798       5.00047255    
   7.01542807       5.00042915    
   7.01514721       5.00038719    
   7.01487494       5.00034666    
   7.01461077       5.00030708    
   7.01435471       5.00026894    
   7.01410627       5.00023222    
   7.01386547       5.00019598    
   7.01363230       5.00016117    
   7.01340628       5.00012779    
   7.01318693       5.00009489    
   7.01297426       5.00006294    
   7.01276827       5.00003242    
   7.01256847       5.00000238    
   7.01237488       4.99997377    
   7.01218700       4.99994564    
   7.01200485       4.99991846    
   7.01182842       4.99989223    
   7.01165724       4.99986649    
   7.01149130       4.99984169    
   7.01133060       4.99981785    
   7.01117468       4.99979448    
   7.01102352       4.99977207    
   7.01087713       4.99975014    
   7.01073503       4.99972916    
   7.01059723       4.99970865    
   7.01046371       4.99968815    
   7.01033449       4.99966908    
   7.01020908       4.99965048    
   7.01008749       4.99963236    
   7.00996971       4.99961472    
   7.00985527       4.99959803    
   7.00974464       4.99958134    
   7.00963736       4.99956512    
   7.00953341       4.99954987    
   7.00943232       4.99953508    
   7.00933456       4.99951982    
   7.00923967       4.99950552    
   7.00914764       4.99949217    
   7.00905848       4.99947882    
   7.00897217       4.99946594    
   7.00888824       4.99945354    
   7.00880718       4.99944115    
   7.00872850       4.99942970    
   7.00865221       4.99941826    
   7.00857830       4.99940729    
   7.00850677       4.99939632    
   7.00843716       4.99938631    
   7.00836992       4.99937582    
   7.00830460       4.99936628    
   7.00824118       4.99935675    
   7.00817966       4.99934769    
   7.00812006       4.99933863    
   7.00806236       4.99933004    
   7.00800657       4.99932194    
   7.00795221       4.99931383    
   7.00789976       4.99930573    
   7.00784874       4.99929810    
   7.00779915       4.99929094    
   7.00775099       4.99928379    
   7.00770473       4.99927664    
   7.00765944       4.99926996    
   7.00761557       4.99926329    
   7.00757313       4.99925709    
   7.00753212       4.99925089    
   7.00749254       4.99924517    
   7.00745392       4.99923897    
   7.00741673       4.99923372    
   7.00738049       4.99922848    
   7.00734520       4.99922323    
   7.00731134       4.99921799    
   7.00727844       4.99921322    
   7.00724649       4.99920845    
   7.00721550       4.99920368    
   7.00718546       4.99919939    
   7.00715637       4.99919462    
   7.00712824       4.99919033    
   7.00710058       4.99918652    
   7.00707388       4.99918270    
   7.00704813       4.99917841    
   7.00702333       4.99917507    
   7.00699902       4.99917126    
   7.00697565       4.99916792    
   7.00695276       4.99916458    
   7.00693083       4.99916124    
   7.00690937       4.99915791    
   7.00688839       4.99915504    
   7.00686836       4.99915171    
   7.00684881       4.99914885    
   7.00682974       4.99914598    
   7.00681162       4.99914312    
   7.00679398       4.99914074    
   7.00677681       4.99913836    
   7.00676012       4.99913597    
   7.00674391       4.99913359    
   7.00672817       4.99913073    
   7.00671291       4.99912882    
   7.00669813       4.99912643    
   7.00668383       4.99912453    
   7.00667000       4.99912214    
   7.00665665       4.99912024    
   7.00664377       4.99911833    
   7.00663137       4.99911642    
   7.00661898       4.99911451    
   7.00660706       4.99911308    
   7.00659561       4.99911118    
   7.00658464       4.99910927    
   7.00657368       4.99910784    
   7.00656319       4.99910641    
   7.00655317       4.99910498    
 # valores estimados da profundidade(z) e do raio(a), em quilômetros (km), respectivamente:   7.00655317       4.99910498    
