  -308.317474    
  -338.992706    
  -371.932190    
  -406.540833    
  -441.823669    
  -476.342377    
  -508.270996    
  -535.601440    
  -556.475403    
  -569.509827    
  -573.932373    
  -569.509827    
  -556.475403    
  -535.601440    
  -508.270996    
  -476.342377    
  -441.823669    
  -406.540833    
  -371.932190    
  -338.992706    
  -281.846191    
  -304.062622    
  -326.764984    
  -349.292114    
  -370.786987    
  -390.260742    
  -406.740479    
  -419.492554    
  -428.236603    
  -433.181091    
  -434.756836    
  -433.181091    
  -428.236603    
  -419.492554    
  -406.740479    
  -390.260742    
  -370.786987    
  -349.292114    
  -326.764984    
  -304.062622    
  -256.800903    
  -272.211090    
  -287.077576    
  -300.823120    
  -312.808777    
  -322.430420    
  -329.278748    
  -333.334106    
  -335.099915    
  -335.509735    
  -335.511353    
  -335.509735    
  -335.099915    
  -333.334106    
  -329.278748    
  -322.430420    
  -312.808777    
  -300.823120    
  -287.077576    
  -272.211090    
  -232.921234    
  -243.016449    
  -252.031113    
  -259.505554    
  -264.992432    
  -268.157959    
  -268.933838    
  -267.687561    
  -265.313080    
  -263.083038    
  -262.177185    
  -263.083038    
  -265.313080    
  -267.687561    
  -268.933838    
  -268.157959    
  -264.992432    
  -259.505554    
  -252.031113    
  -243.016449    
  -210.294449    
  -216.341156    
  -221.064255    
  -224.107315    
  -225.162399    
  -224.068939    
  -220.956650    
  -216.401077    
  -211.493683    
  -207.671051    
  -206.221634    
  -207.671051    
  -211.493683    
  -216.401077    
  -220.956650    
  -224.068939    
  -225.162399    
  -224.107315    
  -221.064255    
  -216.341156    
  -189.148270    
  -192.168121    
  -193.781311    
  -193.707901    
  -191.732864    
  -187.801605    
  -182.157089    
  -175.487259    
  -168.985748    
  -164.171021    
  -162.384781    
  -164.171021    
  -168.985748    
  -175.487259    
  -182.157089    
  -187.801605    
  -191.732864    
  -193.707901    
  -193.781311    
  -192.168121    
  -169.699387    
  -170.484436    
  -169.858521    
  -167.594040    
  -163.535187    
  -157.690918    
  -150.368835    
  -142.318481    
  -134.787628    
  -129.337250    
  -127.335983    
  -129.337250    
  -134.787628    
  -142.318481    
  -150.368835    
  -157.690918    
  -163.535187    
  -167.594040    
  -169.858521    
  -170.484436    
  -152.082703    
  -151.229401    
  -148.994568    
  -145.184921    
  -139.681564    
  -132.531464    
  -124.079330    
  -115.109207    
  -106.898323    
  -101.030365    
  -98.8882904    
  -101.030365    
  -106.898323    
  -115.109207    
  -124.079330    
  -132.531464    
  -139.681564    
  -145.184921    
  -148.994568    
  -151.229401    
  -136.337219    
  -134.285980    
  -130.893204    
  -125.987747    
  -119.473587    
  -111.420464    
  -102.194855    
  -92.6003876    
  -83.9308701    
  -77.7824860    
  -75.5460510    
  -77.7824860    
  -83.9308701    
  -92.6003876    
  -102.194855    
  -111.420464    
  -119.473587    
  -125.987747    
  -130.893204    
  -134.285980    
  -122.421143    
  -119.493126    
  -115.263382    
  -109.574951    
  -102.346054    
  -93.6602402    
  -83.8969421    
  -73.8712311    
  -64.8864517    
  -58.5459595    
  -56.2449799    
  -58.5459595    
  -64.8864517    
  -73.8712311    
  -83.8969421    
  -93.6602402    
  -102.346054    
  -109.574951    
  -115.263382    
  -119.493126    
  -110.235229    
  -106.663124    
  -101.824585    
  -95.5717621    
  -87.8318176    
  -78.6968613    
  -68.5541534    
  -58.2256622    
  -49.0203629    
  -42.5458374    
  -40.1998749    
  -42.5458374    
  -49.0203629    
  -58.2256622    
  -68.5541534    
  -78.6968613    
  -87.8318176    
  -95.5717621    
  -101.824585    
  -106.663124    
  -99.6454468    
  -95.5974350    
  -90.3125763    
  -83.6489410    
  -75.5393829    
  -66.0813828    
  -55.6670990    
  -45.1226959    
  -35.7606125    
  -29.1909637    
  -26.8131256    
  -29.1909637    
  -35.7606125    
  -45.1226959    
  -55.6670990    
  -66.0813828    
  -75.5393829    
  -83.6489410    
  -90.3125763    
  -95.5974350    
  -90.5005188    
  -86.0983810    
  -80.4834747    
  -73.5177307    
  -65.1377258    
  -55.4444046    
  -44.8329926    
  -34.1323547    
  -24.6570816    
  -18.0188599    
  -15.6180725    
  -18.0188599    
  -24.6570816    
  -34.1323547    
  -44.8329926    
  -55.4444046    
  -65.1377258    
  -73.5177307    
  -80.4834747    
  -86.0983810    
  -82.6450882    
  -77.9773102    
  -72.1160431    
  -64.9258194    
  -56.3456573    
  -46.4787827    
  -35.7224121    
  -24.9071503    
  -15.3489761    
  -8.66059875    
  -6.24301147    
  -8.66059875    
  -15.3489761    
  -24.9071503    
  -35.7224121    
  -46.4787827    
  -56.3456573    
  -64.9258194    
  -72.1160431    
  -77.9773102    
  -75.9275513    
  -71.0588608    
  -65.0119934    
  -57.6532288    
  -48.9232864    
  -38.9268646    
  -28.0625610    
  -17.1621017    
  -7.54240417    
 -0.816848755    
   1.61317444    
 -0.816848755    
  -7.54240417    
  -17.1621017    
  -28.0625610    
  -38.9268646    
  -48.9232864    
  -57.6532288    
  -65.0119934    
  -71.0588608    
  -70.2052689    
  -65.1833267    
  -58.9953346    
  -51.5088043    
  -42.6655731    
  -32.5714035    
  -21.6258011    
  -10.6612701    
 -0.995353699    
   5.75811768    
   8.19748688    
   5.75811768    
 -0.995353699    
  -10.6612701    
  -21.6258011    
  -32.5714035    
  -42.6655731    
  -51.5088043    
  -58.9953346    
  -65.1833267    
  -65.3471756    
  -60.2074051    
  -53.9111748    
  -46.3268738    
  -37.3971329    
  -27.2284470    
  -16.2209625    
  -5.20771790    
   4.49330902    
   11.2679749    
   13.7144241    
   11.2679749    
   4.49330902    
  -5.20771790    
  -16.2209625    
  -27.2284470    
  -37.3971329    
  -46.3268738    
  -53.9111748    
  -60.2074051    
  -61.2349777    
  -56.0039291    
  -49.6240273    
  -41.9642792    
  -32.9678955    
  -22.7418823    
  -11.6868439    
 -0.636207581    
   9.09175110    
   15.8826752    
   18.3345566    
   15.8826752    
   9.09175110    
 -0.636207581    
  -11.6868439    
  -22.7418823    
  -32.9678955    
  -41.9642792    
  -49.6240273    
  -56.0039291    
  -57.7631073    
  -52.4608841    
  -46.0158424    
  -38.2974472    
  -29.2493286    
  -18.9788589    
  -7.88698578    
   3.19260406    
   12.9413986    
   19.7448883    
   22.2009659    
   19.7448883    
   12.9413986    
   3.19260406    
  -7.88698578    
  -18.9788589    
  -29.2493286    
  -38.2974472    
  -46.0158424    
  -52.4608841    
  -54.8385010    
  -49.4804611    
  -42.9844093    
  -35.2201462    
  -26.1315918    
  -15.8264236    
  -4.70581818    
   6.39633179    
   16.1613693    
   22.9746399    
   25.4339981    
   22.9746399    
   16.1613693    
   6.39633179    
  -4.70581818    
  -15.8264236    
  -26.1315918    
  -35.2201462    
  -42.9844093    
  -49.4804611    
  -52.3797455    
  -46.9777451    
  -40.4415550    
  -32.6412354    
  -23.5209351    
  -13.1885376    
  -2.04538727    
   9.07444763    
   18.8522034    
   25.6731491    
   28.1350632    
   25.6731491    
   18.8522034    
   9.07444763    
  -2.04538727    
  -13.1885376    
  -23.5209351    
  -32.6412354    
  -40.4415550    
  -46.9777451    
  -50.3160553    
  -44.8793182    
  -38.3114510    
  -30.4826889    
  -21.3373642    
  -10.9835129    
  0.177375793    
   11.3111343    
   21.0988998    
   27.9258728    
   30.3898010    
   27.9258728    
   21.0988998    
   11.3111343    
  0.177375793    
  -10.9835129    
  -21.3373642    
  -30.4826889    
  -38.3114510    
  -44.8793182    
  -48.5863724    
  -43.1221466    
  -36.5292244    
  -28.6779785    
  -19.5128937    
  -9.14211273    
   2.03277588    
   13.1775208    
   22.9731750    
   29.8049088    
   32.2704239    
   29.8049088    
   22.9731750    
   13.1775208    
   2.03277588    
  -9.14211273    
  -19.5128937    
  -28.6779785    
  -36.5292244    
  -43.1221466    
  -47.1382370    
  -41.6522598    
  -35.0395164    
  -27.1705093    
  -17.9898148    
  -7.60565948    
   3.58028412    
   14.7336884    
   24.5355759    
   31.3710556    
   33.8378296    
   31.3710556    
   24.5355759    
   14.7336884    
   3.58028412    
  -7.60565948    
  -17.9898148    
  -27.1705093    
  -35.0395164    
  -41.6522598    
  -45.9268494    
  -40.4236908    
  -33.7953148    
  -25.9122925    
  -16.7192841    
  -6.32458496    
   4.87005615    
   16.0302887    
   25.8370819    
   32.6755142    
   35.1432724    
   32.6755142    
   25.8370819    
   16.0302887    
   4.87005615    
  -6.32458496    
  -16.7192841    
  -25.9122925    
  -33.7953148    
  -40.4236908    
  -44.9140778    
  -39.3974152    
  -32.7567482    
  -24.8627243    
  -15.6600494    
  -5.25708008    
   5.94439697    
   17.1099854    
   26.9206161    
   33.7613678    
   36.2299042    
   33.7613678    
   26.9206161    
   17.1099854    
   5.94439697    
  -5.25708008    
  -15.6600494    
  -24.8627243    
  -32.7567482    
  -39.3974152    
  -44.0675735    
  -38.5403748    
  -31.8901329    
  -23.9875259    
  -14.7773285    
  -4.36791992    
   6.83888245    
   18.0086365    
   27.8222656    
   34.6648178    
   37.1339493    
   34.6648178    
   27.8222656    
   18.0086365    
   6.83888245    
  -4.36791992    
  -14.7773285    
  -23.9875259    
  -31.8901329    
  -38.5403748    
  -43.3600464    
  -37.8247299    
  -31.1671028    
  -23.2578964    
  -14.0419006    
  -3.62753296    
   7.58335876    
   18.7563171    
   28.5722504    
   35.4161911    
   37.8857880    
   35.4161911    
   28.5722504    
   18.7563171    
   7.58335876    
  -3.62753296    
  -14.0419006    
  -23.2578964    
  -31.1671028    
  -37.8247299    
  -42.7684937    
  -37.2270203    
  -30.5638161    
  -22.6496048    
  -13.4292297    
  -3.01111603    
   8.20286560    
   19.3782425    
   29.1959152    
   36.0409012    
   38.5108490    
   36.0409012    
   29.1959152    
   19.3782425    
   8.20286560    
  -3.01111603    
  -13.4292297    
  -22.6496048    
  -30.5638161    
  -37.2270203    
  -42.2735367    
  -36.7275391    
  -30.0602150    
  -22.1423340    
  -12.9187393    
  -2.49787140    
   8.71838379    
   19.8955383    
   29.7144852    
   36.5602417    
   39.0304413    
   36.5602417    
   29.7144852    
   19.8955383    
   8.71838379    
  -2.49787140    
  -12.9187393    
  -22.1423340    
  -30.0602150    
  -36.7275391    
  -41.8590317    
  -36.3098373    
  -29.6396141    
  -21.7191467    
  -12.4932785    
  -2.07048035    
   9.14736176    
   20.3257751    
   30.1456146    
   36.9919052    
   39.4622879    
   36.9919052    
   30.1456146    
   20.3257751    
   9.14736176    
  -2.07048035    
  -12.4932785    
  -21.7191467    
  -29.6396141    
  -36.3098373    
  -41.5113754    
  -35.9600906    
  -29.2879753    
  -21.3658218    
  -12.1384811    
  -1.71442413    
   9.50445557    
   20.6836700    
   30.5040970    
   37.3507385    
   39.8212357    
   37.3507385    
   30.5040970    
   20.6836700    
   9.50445557    
  -1.71442413    
  -12.1384811    
  -21.3658218    
  -29.2879753    
  -35.9600906    
  -41.2192535    
  -35.6667938    
  -28.9936256    
  -21.0705338    
  -11.8423767    
  -1.41762543    
   9.80182648    
   20.9814835    
   30.8022232    
   37.6490631    
   40.1196213    
   37.6490631    
   30.8022232    
   20.9814835    
   9.80182648    
  -1.41762543    
  -11.8423767    
  -21.0705338    
  -28.9936256    
  -35.6667938    
  -40.9731903    
  -35.4203262    
  -28.7467995    
  -20.8233948    
  -11.5949707    
  -1.16999817    
   10.0496368    
   21.2294388    
   31.0502777    
   37.8971710    
   40.3677521    
   37.8971710    
   31.0502777    
   21.2294388    
   10.0496368    
  -1.16999817    
  -11.5949707    
  -20.8233948    
  -28.7467995    
  -35.4203262    
  -40.7653427    
  -35.2127228    
  -28.5394173    
  -20.6162262    
  -11.3879929    
 -0.963188171    
   10.2563019    
   21.4359894    
   31.2567444    
   38.1035843    
   40.5741501    
   38.1035843    
   31.2567444    
   21.4359894    
   10.2563019    
 -0.963188171    
  -11.3879929    
  -20.6162262    
  -28.5394173    
  -35.2127228    
  -40.5891190    
  -35.0372696    
  -28.3646889    
  -20.4421463    
  -11.2144928    
 -0.790191650    
   10.4288788    
   21.6082382    
   31.4287567    
   38.2754517    
   40.7459717    
   38.2754517    
   31.4287567    
   21.6082382    
   10.4288788    
 -0.790191650    
  -11.2144928    
  -20.4421463    
  -28.3646889    
  -35.0372696    
  -40.4391098    
  -34.8884964    
  -28.2170448    
  -20.2955322    
  -11.0687866    
 -0.645271301    
   10.5731583    
   21.7519989    
   31.5721512    
   38.4186249    
   40.8890686    
   38.4186249    
   31.5721512    
   21.7519989    
   10.5731583    
 -0.645271301    
  -11.0687866    
  -20.2955322    
  -28.2170448    
  -34.8884964    
  -40.3107529    
  -34.7617569    
  -28.0918007    
  -20.1716309    
  -10.9460754    
 -0.523574829    
   10.6940002    
   21.8721771    
   31.6918488    
   38.5380325    
   41.0083771    
   38.5380325    
   31.6918488    
   21.8721771    
   10.6940002    
 -0.523574829    
  -10.9460754    
  -20.1716309    
  -28.0918007    
  -34.7617569    
  -40.2002563    
  -34.6532211    
  -27.9850502    
  -20.0664978    
  -10.8423691    
 -0.421089172    
   10.7954636    
   21.9728470    
   31.7919388    
   38.6377792    
   41.1080093    
   38.6377792    
   31.7919388    
   21.9728470    
   10.7954636    
 -0.421089172    
  -10.8423691    
  -20.0664978    
  -27.9850502    
  -34.6532211    
  -40.1045227    
  -34.5597229    
  -27.8936119    
  -19.9768982    
  -10.7544022    
 -0.334526062    
   10.8808670    
   22.0573349    
   31.8757706    
   38.7212143    
   41.1913071    
   38.7212143    
   31.8757706    
   22.0573349    
   10.8808670    
 -0.334526062    
  -10.7544022    
  -19.9768982    
  -27.8936119    
  -34.5597229    
  -40.0209579    
  -34.4786453    
  -27.8148079    
  -19.9001465    
  -10.6794586    
 -0.261138916    
   10.9529648    
   22.1284180    
   31.9461288    
   38.7911301    
   41.2610779    
   38.7911301    
   31.9461288    
   22.1284180    
   10.9529648    
 -0.261138916    
  -10.6794586    
  -19.9001465    
  -27.8148079    
  -34.4786453    
  -39.9474106    
  -34.4077988    
  -27.7464333    
  -19.8339996    
  -10.6152725    
 -0.198646545    
   11.0140610    
   22.1884155    
   32.0053329    
   38.8498611    
   41.3196487    
   38.8498611    
   32.0053329    
   22.1884155    
   11.0140610    
 -0.198646545    
  -10.6152725    
  -19.8339996    
  -27.7464333    
  -34.4077988    
  -39.8820496    
  -34.3453293    
  -27.6866112    
  -19.7765579    
  -10.5599365    
 -0.145111084    
   11.0661011    
   22.2392807    
   32.0553513    
   38.8993683    
   41.3689880    
   38.8993683    
   32.0553513    
   22.2392807    
   11.0661011    
 -0.145111084    
  -10.5599365    
  -19.7765579    
  -27.6866112    
  -34.3453293    
  -39.8234253    
  -34.2897644    
  -27.6338463    
  -19.7263184    
  -10.5119171    
  -9.89990234E-02
   11.1106262    
   22.2825623    
   32.0977402    
   38.9412155    
   41.4106522    
   38.9412155    
   32.0977402    
   22.2825623    
   11.1106262    
  -9.89990234E-02
  -10.5119171    
  -19.7263184    
  -27.6338463    
  -34.2897644    
  -39.7703171    
  -34.2398682    
  -27.5868797    
  -19.6819992    
  -10.4699249    
  -5.90209961E-02
   11.1489487    
   22.3195801    
   32.1338120    
   38.9767227    
   41.4459763    
   38.9767227    
   32.1338120    
   22.3195801    
   11.1489487    
  -5.90209961E-02
  -10.4699249    
  -19.6819992    
  -27.5868797    
  -34.2398682    
  -39.7216797    
  -34.1945724    
  -27.5446434    
  -19.6425171    
  -10.4328842    
  -2.40631104E-02
   11.1821747    
   22.3514404    
   32.1646957    
   39.0070190    
   41.4760742    
   39.0070190    
   32.1646957    
   22.3514404    
   11.1821747    
  -2.40631104E-02
  -10.4328842    
  -19.6425171    
  -27.5446434    
  -34.1945724    
  -39.6766739    
  -34.1530380    
  -27.5062904    
  -19.6070175    
  -10.3999100    
   6.74438477E-03
   11.2111816    
   22.3790436    
   32.1912842    
   39.0329895    
   41.5018387    
   39.0329895    
   32.1912842    
   22.3790436    
   11.2111816    
   6.74438477E-03
  -10.3999100    
  -19.6070175    
  -27.5062904    
  -34.1530380    
  -39.6345901    
  -34.1145401    
  -27.4710732    
  -19.5747604    
  -10.3702545    
   3.41567993E-02
   11.2367401    
   22.4031372    
   32.2143250    
   39.0554047    
   41.5240402    
   39.0554047    
   32.2143250    
   22.4031372    
   11.2367401    
   3.41567993E-02
  -10.3702545    
  -19.5747604    
  -27.4710732    
  -34.1145401    
  -39.5948486    
  -34.0784836    
  -27.4383965    
  -19.5451279    
  -10.3433075    
   5.87921143E-02
   11.2594604    
   22.4243546    
   32.2344589    
   39.0748825    
   41.5432968    
   39.0748825    
   32.2344589    
   22.4243546    
   11.2594604    
   5.87921143E-02
  -10.3433075    
  -19.5451279    
  -27.4383965    
  -34.0784836    
  -39.5569687    
  -34.0443954    
  -27.4077873    
  -19.5176468    
  -10.3185883    
   8.11386108E-02
   11.2798462    
   22.4431915    
   32.2521820    
   39.0919342    
   41.5601273    
   39.0919342    
   32.2521820    
   22.4431915    
   11.2798462    
   8.11386108E-02
  -10.3185883    
  -19.5176468    
  -27.4077873    
  -34.0443954    
  -39.5205078    
  -34.0118256    
  -27.3787727    
  -19.4918442    
  -10.2956161    
  0.101676941    
   11.2983627    
   22.4601212    
   32.2679749    
   39.1070328    
   41.5749969    
   39.1070328    
   32.2679749    
   22.4601212    
   11.2983627    
  0.101676941    
  -10.2956161    
  -19.4918442    
  -27.3787727    
  -34.0118256    
  -39.4851685    
  -33.9804688    
  -27.3510704    
  -19.4674301    
  -10.2741013    
  0.120697021    
   11.3153076    
   22.4754486    
   32.2821274    
   39.1204834    
   41.5882111    
   39.1204834    
   32.2821274    
   22.4754486    
   11.3153076    
  0.120697021    
  -10.2741013    
  -19.4674301    
  -27.3510704    
  -33.9804688    
  -39.4506912    
  -33.9500656    
  -27.3243904    
  -19.4441147    
  -10.2537613    
  0.138488770    
   11.3309860    
   22.4894562    
   32.2949371    
   39.1325684    
   41.6000595    
   39.1325684    
   32.2949371    
   22.4894562    
   11.3309860    
  0.138488770    
  -10.2537613    
  -19.4441147    
  -27.3243904    
  -33.9500656    
  -39.4167938    
  -33.9203262    
  -27.2984657    
  -19.4216232    
  -10.2343063    
  0.155334473    
   11.3456650    
   22.5024338    
   32.3066940    
   39.1435852    
   41.6108246    
   39.1435852    
   32.3066940    
   22.5024338    
   11.3456650    
  0.155334473    
  -10.2343063    
  -19.4216232    
  -27.2984657    
  -33.9203262    
  -39.3833008    
  -33.8910828    
  -27.2731133    
  -19.3997879    
  -10.2155685    
  0.171401978    
   11.3595276    
   22.5145569    
   32.3175659    
   39.1537018    
   41.6206894    
   39.1537018    
   32.3175659    
   22.5145569    
   11.3595276    
  0.171401978    
  -10.2155685    
  -19.3997879    
  -27.2731133    
  -33.8910828    
  -39.3500290    
  -33.8621445    
  -27.2481499    
  -19.3784027    
  -10.1973495    
  0.186897278    
   11.3727646    
   22.5260239    
   32.3277512    
   39.1631165    
   41.6298447    
   39.1631165    
   32.3277512    
   22.5260239    
   11.3727646    
  0.186897278    
  -10.1973495    
  -19.3784027    
  -27.2481499    
  -33.8621445    
  -39.3168564    
  -33.8333969    
  -27.2234535    
  -19.3573608    
  -10.1795425    
  0.201927185    
   11.3854904    
   22.5369339    
   32.3373566    
   39.1719360    
   41.6383972    
   39.1719360    
   32.3373566    
   22.5369339    
   11.3854904    
  0.201927185    
  -10.1795425    
  -19.3573608    
  -27.2234535    
  -33.8333969    
  -39.2836533    
  -33.8046951    
  -27.1988945    
  -19.3365326    
  -10.1620026    
  0.216636658    
   11.3978424    
   22.5474396    
   32.3465271    
   39.1803055    
   41.6464996    
   39.1803055    
   32.3465271    
   22.5474396    
   11.3978424    
  0.216636658    
  -10.1620026    
  -19.3365326    
  -27.1988945    
  -33.8046951    
  -39.2502975    
  -33.7759323    
  -27.1743431    
  -19.3157806    
  -10.1446152    
  0.231132507    
   11.4099426    
   22.5576477    
   32.3553772    
   39.1883316    
   41.6542587    
   39.1883316    
   32.3553772    
   22.5576477    
   11.4099426    
  0.231132507    
  -10.1446152    
  -19.3157806    
  -27.1743431    
  -33.7759323    
  -39.2167587    
  -33.7470779    
  -27.1497841    
  -19.2950974    
  -10.1273575    
  0.245437622    
   11.4218063    
   22.5675888    
   32.3639297    
   39.1960449    
   41.6616898    
   39.1960449    
   32.3639297    
   22.5675888    
   11.4218063    
  0.245437622    
  -10.1273575    
  -19.2950974    
  -27.1497841    
  -33.7470779    
  -39.1829300    
  -33.7180176    
  -27.1251030    
  -19.2743683    
  -10.1101151    
  0.259666443    
   11.4335403    
   22.5773544    
   32.3722839    
   39.2035522    
   41.6689072    
   39.2035522    
   32.3722839    
   22.5773544    
   11.4335403    
  0.259666443    
  -10.1101151    
  -19.2743683    
  -27.1251030    
  -33.7180176    
  -39.1487427    
  -33.6886902    
  -27.1002388    
  -19.2535324    
  -10.0928421    
  0.273880005    
   11.4451981    
   22.5870132    
   32.3805008    
   39.2108917    
   41.6759567    
   39.2108917    
   32.3805008    
   22.5870132    
   11.4451981    
  0.273880005    
  -10.0928421    
  -19.2535324    
  -27.1002388    
  -33.6886902    
  -39.1141434    
  -33.6590424    
  -27.0751381    
  -19.2325363    
  -10.0754776    
  0.288116455    
   11.4568405    
   22.5966110    
   32.3886261    
   39.2181320    
   41.6828995    
   39.2181320    
   32.3886261    
   22.5966110    
   11.4568405    
  0.288116455    
  -10.0754776    
  -19.2325363    
  -27.0751381    
  -33.6590424    
  -39.0791016    
  -33.6290512    
  -27.0497780    
  -19.2113647    
  -10.0580139    
  0.302391052    
   11.4684753    
   22.6061630    
   32.3966751    
   39.2252731    
   41.6897354    
   39.2252731    
   32.3966751    
   22.6061630    
   11.4684753    
  0.302391052    
  -10.0580139    
  -19.2113647    
  -27.0497780    
  -33.6290512    
  -39.0435715    
  -33.5986633    
  -27.0241127    
  -19.1899643    
  -10.0403900    
  0.316764832    
   11.4801407    
   22.6157074    
   32.4046860    
   39.2323608    
   41.6965179    
   39.2323608    
   32.4046860    
   22.6157074    
   11.4801407    
  0.316764832    
  -10.0403900    
  -19.1899643    
  -27.0241127    
  -33.5986633    
  -39.0074921    
  -33.5678177    
  -26.9980888    
  -19.1682892    
  -10.0225601    
  0.331275940    
   11.4918976    
   22.6252899    
   32.4127045    
   39.2394409    
   41.7032776    
   39.2394409    
   32.4127045    
   22.6252899    
   11.4918976    
  0.331275940    
  -10.0225601    
  -19.1682892    
  -26.9980888    
  -33.5678177    
  -38.9708252    
  -33.5364914    
  -26.9716606    
  -19.1463013    
  -10.0045013    
  0.345954895    
   11.5037689    
   22.6349487    
   32.4207687    
   39.2465363    
   41.7100601    
   39.2465363    
   32.4207687    
   22.6349487    
   11.5037689    
  0.345954895    
  -10.0045013    
  -19.1463013    
  -26.9716606    
  -33.5364914    
  -38.9335632    
  -33.5046692    
  -26.9448509    
  -19.1240082    
  -9.98621368    
  0.360786438    
   11.5157318    
   22.6446533    
   32.4288559    
   39.2536392    
   41.7168274    
   39.2536392    
   32.4288559    
   22.6446533    
   11.5157318    
  0.360786438    
  -9.98621368    
  -19.1240082    
  -26.9448509    
  -33.5046692    
  -38.8956528    
  -33.4723053    
  -26.9175758    
  -19.1013565    
  -9.96764374    
  0.375839233    
   11.5278549    
   22.6544800    
   32.4370117    
   39.2607956    
   41.7236481    
   39.2607956    
   32.4370117    
   22.6544800    
   11.5278549    
  0.375839233    
  -9.96764374    
  -19.1013565    
  -26.9175758    
  -33.4723053    
  -38.8570633    
  -33.4393692    
  -26.8898430    
  -19.0783310    
  -9.94878387    
  0.391105652    
   11.5401382    
   22.6644058    
   32.4452438    
   39.2680054    
   41.7305145    
   39.2680054    
   32.4452438    
   22.6644058    
   11.5401382    
  0.391105652    
  -9.94878387    
  -19.0783310    
  -26.8898430    
  -33.4393692    
  -38.8177643    
  -33.4058304    
  -26.8616142    
  -19.0548935    
  -9.92960358    
  0.406616211    
   11.5526047    
   22.6744690    
   32.4535751    
   39.2752914    
   41.7374573    
   39.2752914    
   32.4535751    
   22.6744690    
   11.5526047    
  0.406616211    
  -9.92960358    
  -19.0548935    
  -26.8616142    
  -33.4058304    
  -38.7777252    
  -33.3716736    
  -26.8328667    
  -19.0310440    
  -9.91008759    
  0.422386169    
   11.5652618    
   22.6846771    
   32.4620209    
   39.2826614    
   41.7444687    
   39.2826614    
   32.4620209    
   22.6846771    
   11.5652618    
  0.422386169    
  -9.91008759    
  -19.0310440    
  -26.8328667    
  -33.3716736    
  -38.7369385    
  -33.3368759    
  -26.8035927    
  -19.0067673    
  -9.89024353    
  0.438407898    
   11.5781097    
   22.6950226    
   32.4705582    
   39.2901077    
   41.7515488    
   39.2901077    
   32.4705582    
   22.6950226    
   11.5781097    
  0.438407898    
  -9.89024353    
  -19.0067673    
  -26.8035927    
  -33.3368759    
  -38.6953506    
  -33.3014069    
  -26.7737541    
  -18.9820251    
  -9.87002563    
  0.454727173    
   11.5911789    
   22.7055359    
   32.4792252    
   39.2976685    
   41.7587357    
   39.2976685    
   32.4792252    
   22.7055359    
   11.5911789    
  0.454727173    
  -9.87002563    
  -18.9820251    
  -26.7737541    
  -33.3014069    
  -38.6529388    
  -33.2652359    
  -26.7433281    
  -18.9568100    
  -9.84942627    
  0.471343994    
   11.6044769    
   22.7162247    
   32.4880295    
   39.3053284    
   41.7660217    
   39.3053284    
   32.4880295    
   22.7162247    
   11.6044769    
  0.471343994    
  -9.84942627    
  -18.9568100    
  -26.7433281    
  -33.2652359    
  -38.6096802    
  -33.2283401    
  -26.7123070    
  -18.9310989    
  -9.82843781    
  0.488265991    
   11.6180115    
   22.7270889    
   32.4969635    
   39.3131104    
   41.7734070    
   39.3131104    
   32.4969635    
   22.7270889    
   11.6180115    
  0.488265991    
  -9.82843781    
  -18.9310989    
  -26.7123070    
  -33.2283401    
  -38.5655594    
  -33.1907120    
  -26.6806602    
  -18.9048920    
  -9.80703735    
  0.505500793    
   11.6317902    
   22.7381363    
   32.5060425    
   39.3209915    
   41.7808990    
   39.3209915    
   32.5060425    
   22.7381363    
   11.6317902    
  0.505500793    
  -9.80703735    
  -18.9048920    
  -26.6806602    
  -33.1907120    
  -38.5205231    
  -33.1523132    
  -26.6483803    
  -18.8781509    
  -9.78522491    
  0.523063660    
   11.6458130    
   22.7493744    
   32.5152664    
   39.3290024    
   41.7884979    
   39.3290024    
   32.5152664    
   22.7493744    
   11.6458130    
  0.523063660    
  -9.78522491    
  -18.8781509    
  -26.6483803    
  -33.1523132    
  -38.4745636    
  -33.1131210    
  -26.6154366    
  -18.8508682    
  -9.76296997    
  0.540969849    
   11.6601105    
   22.7608109    
   32.5246506    
   39.3371429    
   41.7962189    
   39.3371429    
   32.5246506    
   22.7608109    
   11.6601105    
  0.540969849    
  -9.76296997    
  -18.8508682    
  -26.6154366    
  -33.1131210    
  -38.4275970    
  -33.0730743    
  -26.5817680    
  -18.8229904    
  -9.74023438    
  0.559272766    
   11.6747055    
   22.7724915    
   32.5342255    
   39.3454437    
   41.8041000    
   39.3454437    
   32.5342255    
   22.7724915    
   11.6747055    
  0.559272766    
  -9.74023438    
  -18.8229904    
  -26.5817680    
  -33.0730743    
  -38.3796539    
  -33.0321884    
  -26.5473976    
  -18.7945404    
  -9.71704102    
  0.577919006    
   11.6895752    
   22.7843781    
   32.5439529    
   39.3538742    
   41.8120880    
   39.3538742    
   32.5439529    
   22.7843781    
   11.6895752    
  0.577919006    
  -9.71704102    
  -18.7945404    
  -26.5473976    
  -33.0321884    
  -38.3307037    
  -32.9904480    
  -26.5123253    
  -18.7655106    
  -9.69338226    
  0.596931458    
   11.7047119    
   22.7964630    
   32.5538330    
   39.3624191    
   41.8201904    
   39.3624191    
   32.5538330    
   22.7964630    
   11.7047119    
  0.596931458    
  -9.69338226    
  -18.7655106    
  -26.5123253    
  -32.9904480    
  -38.2806702    
  -32.9477844    
  -26.4764748    
  -18.7358475    
  -9.66921997    
  0.616340637    
   11.7201691    
   22.8087921    
   32.5639038    
   39.3711243    
   41.8284454    
   39.3711243    
   32.5639038    
   22.8087921    
   11.7201691    
  0.616340637    
  -9.66921997    
  -18.7358475    
  -26.4764748    
  -32.9477844    
  -38.2295227    
  -32.9041672    
  -26.4398232    
  -18.7055206    
  -9.64451599    
  0.636184692    
   11.7359543    
   22.8213806    
   32.5741882    
   39.3800049    
   41.8368530    
   39.3800049    
   32.5741882    
   22.8213806    
   11.7359543    
  0.636184692    
  -9.64451599    
  -18.7055206    
  -26.4398232    
  -32.9041672    
  -38.1772461    
  -32.8595963    
  -26.4023628    
  -18.6745377    
  -9.61928558    
  0.656433105    
   11.7520523    
   22.8341980    
   32.5846405    
   39.3890305    
   41.8453979    
   39.3890305    
   32.5846405    
   22.8341980    
   11.7520523    
  0.656433105    
  -9.61928558    
  -18.6745377    
  -26.4023628    
  -32.8595963    
  -38.1237946    
  -32.8140182    
  -26.3640709    
  -18.6428680    
  -9.59350586    
  0.677116394    
   11.7684860    
   22.8472748    
   32.5952911    
   39.3982162    
   41.8540955    
   39.3982162    
   32.5952911    
   22.8472748    
   11.7684860    
  0.677116394    
  -9.59350586    
  -18.6428680    
  -26.3640709    
  -32.8140182    
  -38.0691299    
  -32.7674026    
  -26.3249092    
  -18.6104813    
  -9.56715393    
  0.698242188    
   11.7852554    
   22.8606110    
   32.6061401    
   39.4075699    
   41.8629456    
   39.4075699    
   32.6061401    
   22.8606110    
   11.7852554    
  0.698242188    
  -9.56715393    
  -18.6104813    
  -26.3249092    
  -32.7674026    
  -38.0131912    
  -32.7196960    
  -26.2848320    
  -18.5773392    
  -9.54019165    
  0.719856262    
   11.8024139    
   22.8742447    
   32.6172256    
   39.4171143    
   41.8719711    
   39.4171143    
   32.6172256    
   22.8742447    
   11.8024139    
  0.719856262    
  -9.54019165    
  -18.5773392    
  -26.2848320    
  -32.7196960    
  -37.9559402    
  -32.6708755    
  -26.2438164    
  -18.5434265    
  -9.51260376    
  0.741966248    
   11.8199387    
   22.8881607    
   32.6285324    
   39.4268341    
   41.8811646    
   39.4268341    
   32.6285324    
   22.8881607    
   11.8199387    
  0.741966248    
  -9.51260376    
  -18.5434265    
  -26.2438164    
  -32.6708755    
  -37.8973541    
  -32.6209106    
  -26.2018471    
  -18.5087433    
  -9.48440552    
  0.764549255    
   11.8378372    
   22.9023514    
   32.6400452    
   39.4367294    
   41.8905182    
   39.4367294    
   32.6400452    
   22.9023514    
   11.8378372    
  0.764549255    
  -9.48440552    
  -18.5087433    
  -26.2018471    
  -32.6209106    
  -37.8373718    
  -32.5697632    
  -26.1588860    
  -18.4732361    
  -9.45553589    
  0.787651062    
   11.8561325    
   22.9168472    
   32.6517944    
   39.4468155    
   41.9000549    
   39.4468155    
   32.6517944    
   22.9168472    
   11.8561325    
  0.787651062    
  -9.45553589    
  -18.4732361    
  -26.1588860    
  -32.5697632    
  -37.7759628    
  -32.5173798    
  -26.1148949    
  -18.4368820    
  -9.42600250    
  0.811279297    
   11.8748322    
   22.9316483    
   32.6637726    
   39.4570923    
   41.9097519    
   39.4570923    
   32.6637726    
   22.9316483    
   11.8748322    
  0.811279297    
  -9.42600250    
  -18.4368820    
  -26.1148949    
  -32.5173798    
  -37.7130051    
  -32.4636917    
  -26.0697899    
  -18.3996124    
  -9.39572144    
  0.835502625    
   11.8939896    
   22.9468002    
   32.6760330    
   39.4675980    
   41.9196777    
   39.4675980    
   32.6760330    
   22.9468002    
   11.8939896    
  0.835502625    
  -9.39572144    
  -18.3996124    
  -26.0697899    
  -32.4636917    
  -37.6485138    
  -32.4086914    
  -26.0236015    
  -18.3614578    
  -9.36473083    
  0.860267639    
   11.9135666    
   22.9622650    
   32.6885223    
   39.4782867    
   41.9297638    
   39.4782867    
   32.6885223    
   22.9622650    
   11.9135666    
  0.860267639    
  -9.36473083    
  -18.3614578    
  -26.0236015    
  -32.4086914    
  -37.5824203    
  -32.3523102    
  -25.9762535    
  -18.3223495    
  -9.33298492    
  0.885635376    
   11.9335938    
   22.9780731    
   32.7012787    
   39.4891968    
   41.9400558    
   39.4891968    
   32.7012787    
   22.9780731    
   11.9335938    
  0.885635376    
  -9.33298492    
  -18.3223495    
  -25.9762535    
  -32.3523102    
  -37.5146637    
  -32.2945175    
  -25.9277229    
  -18.2822800    
  -9.30046082    
  0.911598206    
   11.9540787    
   22.9942169    
   32.7142868    
   39.5003052    
   41.9505310    
   39.5003052    
   32.7142868    
   22.9942169    
   11.9540787    
  0.911598206    
  -9.30046082    
  -18.2822800    
  -25.9277229    
  -32.2945175    
  -37.4451675    
  -32.2352371    
  -25.8779411    
  -18.2411804    
  -9.26712036    
  0.938209534    
   11.9750595    
   23.0107422    
   32.7275772    
   39.5116501    
   41.9612198    
   39.5116501    
   32.7275772    
   23.0107422    
   11.9750595    
  0.938209534    
  -9.26712036    
  -18.2411804    
  -25.8779411    
  -32.2352371    
  -37.3738785    
  -32.1744232    
  -25.8268852    
  -18.1990280    
  -9.23293304    
  0.965476990    
   11.9965363    
   23.0276337    
   32.7411575    
   39.5232162    
   41.9721146    
   39.5232162    
   32.7411575    
   23.0276337    
   11.9965363    
  0.965476990    
  -9.23293304    
  -18.1990280    
  -25.8268852    
  -32.1744232    
  -37.3007126    
  -32.1120148    
  -25.7744789    
  -18.1557770    
  -9.19786072    
  0.993431091    
   12.0185318    
   23.0449219    
   32.7550354    
   39.5350266    
   41.9832306    
   39.5350266    
   32.7550354    
   23.0449219    
   12.0185318    
  0.993431091    
  -9.19786072    
  -18.1557770    
  -25.7744789    
  -32.1120148    
  -37.2256241    
  -32.0479584    
  -25.7206993    
  -18.1114044    
  -9.16190338    
   1.02207947    
   12.0410614    
   23.0625992    
   32.7691956    
   39.5470581    
   41.9945526    
   39.5470581    
   32.7691956    
   23.0625992    
   12.0410614    
   1.02207947    
  -9.16190338    
  -18.1114044    
  -25.7206993    
  -32.0479584    
  -37.1485214    
  -31.9821777    
  -25.6654778    
  -18.0658493    
  -9.12499237    
   1.05146027    
   12.0641403    
   23.0806808    
   32.7836685    
   39.5593414    
   42.0060959    
   39.5593414    
   32.7836685    
   23.0806808    
   12.0641403    
   1.05146027    
  -9.12499237    
  -18.0658493    
  -25.6654778    
  -31.9821777    
  -37.0693283    
  -31.9146118    
  -25.6087608    
  -18.0190659    
  -9.08711243    
   1.08160400    
   12.0877914    
   23.0991974    
   32.7984543    
   39.5718765    
   42.0178757    
   39.5718765    
   32.7984543    
   23.0991974    
   12.0877914    
   1.08160400    
  -9.08711243    
  -18.0190659    
  -25.6087608    
  -31.9146118    
  -36.9879456    
  -31.8451767    
  -25.5504723    
  -17.9709930    
  -9.04819489    
   1.11254120    
   12.1120605    
   23.1181641    
   32.8135834    
   39.5846786    
   42.0298996    
   39.5846786    
   32.8135834    
   23.1181641    
   12.1120605    
   1.11254120    
  -9.04819489    
  -17.9709930    
  -25.5504723    
  -31.8451767    
  -36.9042969    
  -31.7738037    
  -25.4905739    
  -17.9216080    
  -9.00823212    
   1.14430237    
   12.1369324    
   23.1375809    
   32.8290405    
   39.5977402    
   42.0421600    
   39.5977402    
   32.8290405    
   23.1375809    
   12.1369324    
   1.14430237    
  -9.00823212    
  -17.9216080    
  -25.4905739    
  -31.7738037    
  -36.8182983    
  -31.7004166    
  -25.4289818    
  -17.8708344    
  -8.96716309    
   1.17690277    
   12.1624451    
   23.1574631    
   32.8448486    
   39.6110687    
   42.0546646    
   39.6110687    
   32.8448486    
   23.1574631    
   12.1624451    
   1.17690277    
  -8.96716309    
  -17.8708344    
  -25.4289818    
  -31.7004166    
  -36.7298431    
  -31.6249390    
  -25.3656349    
  -17.8186340    
  -8.92496490    
   1.21038818    
   12.1886139    
   23.1778336    
   32.8610077    
   39.6246796    
   42.0674133    
   39.6246796    
   32.8610077    
   23.1778336    
   12.1886139    
   1.21038818    
  -8.92496490    
  -17.8186340    
  -25.3656349    
  -31.6249390    
  -36.6388168    
  -31.5472565    
  -25.3004417    
  -17.7649155    
  -8.88155365    
   1.24481201    
   12.2154846    
   23.1987152    
   32.8775406    
   39.6385803    
   42.0804367    
   39.6385803    
   32.8775406    
   23.1987152    
   12.2154846    
   1.24481201    
  -8.88155365    
  -17.7649155    
  -25.3004417    
  -31.5472565    
  -36.5451355    
  -31.4673080    
  -25.2333641    
  -17.7096634    
  -8.83692169    
   1.28016663    
   12.2430573    
   23.2200928    
   32.8944397    
   39.6527557    
   42.0937042    
   39.6527557    
   32.8944397    
   23.2200928    
   12.2430573    
   1.28016663    
  -8.83692169    
  -17.7096634    
  -25.2333641    
  -31.4673080    
  -36.4486618    
  -31.3849716    
  -25.1642723    
  -17.6527634    
  -8.79098511    
   1.31652832    
   12.2713776    
   23.2420273    
   32.9117355    
   39.6672440    
   42.1072464    
   39.6672440    
   32.9117355    
   23.2420273    
   12.2713776    
   1.31652832    
  -8.79098511    
  -17.6527634    
  -25.1642723    
  -31.3849716    
  -36.3492813    
  -31.3001404    
  -25.0931053    
  -17.5941696    
  -8.74370575    
   1.35392761    
   12.3004684    
   23.2645187    
   32.9294357    
   39.6820374    
   42.1210632    
   39.6820374    
   32.9294357    
   23.2645187    
   12.3004684    
   1.35392761    
  -8.74370575    
  -17.5941696    
  -25.0931053    
  -31.3001404    
  -36.2468643    
  -31.2127151    
  -25.0197639    
  -17.5338058    
  -8.69501495    
   1.39240265    
   12.3303604    
   23.2875900    
   32.9475479    
   39.6971436    
   42.1351624    
   39.6971436    
   32.9475479    
   23.2875900    
   12.3303604    
   1.39240265    
  -8.69501495    
  -17.5338058    
  -25.0197639    
  -31.2127151    
  -36.1412659    
  -31.1225739    
  -24.9441490    
  -17.4715805    
  -8.64485168    
   1.43201447    
   12.3610916    
   23.3112564    
   32.9660873    
   39.7125702    
   42.1495438    
   39.7125702    
   32.9660873    
   23.3112564    
   12.3610916    
   1.43201447    
  -8.64485168    
  -17.4715805    
  -24.9441490    
  -31.1225739    
  -36.0323410    
  -31.0295792    
  -24.8661385    
  -17.4074020    
  -8.59314728    
   1.47280884    
   12.3927002    
   23.3355560    
   32.9850769    
   39.7283401    
   42.1642303    
   39.7283401    
   32.9850769    
   23.3355560    
   12.3927002    
   1.47280884    
  -8.59314728    
  -17.4074020    
  -24.8661385    
  -31.0295792    
  -35.9199600    
  -30.9336395    
  -24.7856712    
  -17.3412170    
  -8.53985596    
   1.51480865    
   12.4251938    
   23.3604813    
   33.0044937    
   39.7444153    
   42.1791916    
   39.7444153    
   33.0044937    
   23.3604813    
   12.4251938    
   1.51480865    
  -8.53985596    
  -17.3412170    
  -24.7856712    
  -30.9336395    
  -35.8039627    
  -30.8345871    
  -24.7026024    
  -17.2729263    
  -8.48490143    
   1.55807495    
   12.4586105    
   23.3860550    
   33.0243683    
   39.7608261    
   42.1944427    
   39.7608261    
   33.0243683    
   23.3860550    
   12.4586105    
   1.55807495    
  -8.48490143    
  -17.2729263    
  -24.7026024    
  -30.8345871    
  -35.6841354    
  -30.7322693    
  -24.6167946    
  -17.2023926    
  -8.42816925    
   1.60269928    
   12.4930267    
   23.4123383    
   33.0447311    
   39.7776031    
   42.2100143    
   39.7776031    
   33.0447311    
   23.4123383    
   12.4930267    
   1.60269928    
  -8.42816925    
  -17.2023926    
  -24.6167946    
  -30.7322693    
  -35.5603333    
  -30.6265411    
  -24.5281334    
  -17.1295471    
  -8.36961365    
   1.64870453    
   12.5284500    
   23.4393234    
   33.0655823    
   39.7947159    
   42.2258759    
   39.7947159    
   33.0655823    
   23.4393234    
   12.5284500    
   1.64870453    
  -8.36961365    
  -17.1295471    
  -24.5281334    
  -30.6265411    
  -35.4323196    
  -30.5172043    
  -24.4364586    
  -17.0542374    
  -8.30912018    
   1.69618988    
   12.5649490    
   23.4670639    
   33.0869522    
   39.8122177    
   42.2420731    
   39.8122177    
   33.0869522    
   23.4670639    
   12.5649490    
   1.69618988    
  -8.30912018    
  -17.0542374    
  -24.4364586    
  -30.5172043    
  -35.2999191    
  -30.4041061    
  -24.3416328    
  -16.9763718    
  -8.24661255    
   1.74520111    
   12.6025543    
   23.4955750    
   33.1088333    
   39.8300705    
   42.2585831    
   39.8300705    
   33.1088333    
   23.4955750    
   12.6025543    
   1.74520111    
  -8.24661255    
  -16.9763718    
  -24.3416328    
  -30.4041061    
  -35.1629105    
  -30.2870712    
  -24.2435188    
  -16.8958206    
  -8.18199921    
   1.79579163    
   12.6413040    
   23.5248642    
   33.1312332    
   39.8482819    
   42.2753830    
   39.8482819    
   33.1312332    
   23.5248642    
   12.6413040    
   1.79579163    
  -8.18199921    
  -16.8958206    
  -24.2435188    
  -30.2870712    
  -35.0210724    
  -30.1658859    
  -24.1419334    
  -16.8124695    
  -8.11518097    
   1.84804535    
   12.6812439    
   23.5549622    
   33.1541595    
   39.8668518    
   42.2924957    
   39.8668518    
   33.1541595    
   23.5549622    
   12.6812439    
   1.84804535    
  -8.11518097    
  -16.8124695    
  -24.1419334    
  -30.1658859    
  -34.8741074    
  -30.0403061    
  -24.0366707    
  -16.7261200    
  -8.04601288    
   1.90207672    
   12.7224579    
   23.5859375    
   33.1776733    
   39.8858185    
   42.3099365    
   39.8858185    
   33.1776733    
   23.5859375    
   12.7224579    
   1.90207672    
  -8.04601288    
  -16.7261200    
  -24.0366707    
  -30.0403061    
  -34.7217789    
  -29.9101334    
  -23.9275703    
  -16.6366501    
  -7.97440338    
   1.95793915    
   12.7649765    
   23.6177902    
   33.2017365    
   39.9051514    
   42.3276825    
   39.9051514    
   33.2017365    
   23.6177902    
   12.7649765    
   1.95793915    
  -7.97440338    
  -16.6366501    
  -23.9275703    
  -29.9101334    
  -34.5638123    
  -29.7751236    
  -23.8144264    
  -16.5439072    
  -7.90023804    
   2.01570892    
   12.8088455    
   23.6505356    
   33.2263718    
   39.9248428    
   42.3457108    
   39.9248428    
   33.2263718    
   23.6505356    
   12.8088455    
   2.01570892    
  -7.90023804    
  -16.5439072    
  -23.8144264    
  -29.7751236    
  -34.3998947    
  -29.6350021    
  -23.6970100    
  -16.4477081    
  -7.82337189    
   2.07549286    
   12.8541412    
   23.6842270    
   33.2515869    
   39.9449005    
   42.3640366    
   39.9449005    
   33.2515869    
   23.6842270    
   12.8541412    
   2.07549286    
  -7.82337189    
  -16.4477081    
  -23.6970100    
  -29.6350021    
  -34.2296753    
  -29.4894867    
  -23.5750771    
  -16.3478470    
  -7.74364471    
   2.13741302    
   12.9009323    
   23.7188950    
   33.2774048    
   39.9653244    
   42.3826523    
   39.9653244    
   33.2774048    
   23.7188950    
   12.9009323    
   2.13741302    
  -7.74364471    
  -16.3478470    
  -23.5750771    
  -29.4894867    
  -34.0528336    
  -29.3382721    
  -23.4483910    
  -16.2441330    
  -7.66091919    
   2.20154572    
   12.9492798    
   23.7545776    
   33.3038254    
   39.9861069    
   42.4015350    
   39.9861069    
   33.3038254    
   23.7545776    
   12.9492798    
   2.20154572    
  -7.66091919    
  -16.2441330    
  -23.4483910    
  -29.3382721    
  -33.8689880    
  -29.1810455    
  -23.3166771    
  -16.1363525    
  -7.57503510    
   2.26802063    
   12.9992371    
   23.7912827    
   33.3308487    
   40.0072250    
   42.4206696    
   40.0072250    
   33.3308487    
   23.7912827    
   12.9992371    
   2.26802063    
  -7.57503510    
  -16.1363525    
  -23.3166771    
  -29.1810455    
  -33.6777191    
  -29.0174484    
  -23.1796379    
  -16.0242691    
  -7.48580933    
   2.33696747    
   13.0509109    
   23.8290787    
   33.3584900    
   40.0286789    
   42.4400482    
   40.0286789    
   33.3584900    
   23.8290787    
   13.0509109    
   2.33696747    
  -7.48580933    
  -16.0242691    
  -23.1796379    
  -29.0174484    
  -33.4786072    
  -28.8471069    
  -23.0369606    
  -15.9076233    
  -7.39305115    
   2.40850067    
   13.1043549    
   23.8679886    
   33.3867569    
   40.0504456    
   42.4596329    
   40.0504456    
   33.3867569    
   23.8679886    
   13.1043549    
   2.40850067    
  -7.39305115    
  -15.9076233    
  -23.0369606    
  -28.8471069    
  -33.2711868    
  -28.6696320    
  -22.8883247    
  -15.7861862    
  -7.29657745    
   2.48274994    
   13.1596451    
   23.9080276    
   33.4156113    
   40.0724869    
   42.4793777    
   40.0724869    
   33.4156113    
   23.9080276    
   13.1596451    
   2.48274994    
  -7.29657745    
  -15.7861862    
  -22.8883247    
  -28.6696320    
  -33.0549850    
  -28.4845886    
  -22.7333794    
  -15.6596451    
  -7.19618225    
   2.55986023    
   13.2168579    
   23.9492188    
   33.4450684    
   40.0947647    
   42.4992447    
   40.0947647    
   33.4450684    
   23.9492188    
   13.2168579    
   2.55986023    
  -7.19618225    
  -15.6596451    
  -22.7333794    
  -28.4845886    
  -32.8294144    
  -28.2914963    
  -22.5716896    
  -15.5276718    
  -7.09159851    
   2.64001465    
   13.2761230    
   23.9916458    
   33.4751282    
   40.1172791    
   42.5192261    
   40.1172791    
   33.4751282    
   23.9916458    
   13.2761230    
   2.64001465    
  -7.09159851    
  -15.5276718    
  -22.5716896    
  -28.2914963    
  -32.5939178    
  -28.0898514    
  -22.4028664    
  -15.3899536    
  -6.98258972    
   2.72336578    
   13.3374939    
   24.0352936    
   33.5057602    
   40.1399612    
   42.5392303    
   40.1399612    
   33.5057602    
   24.0352936    
   13.3374939    
   2.72336578    
  -6.98258972    
  -15.3899536    
  -22.4028664    
  -28.0898514    
  -32.3478851    
  -27.8791351    
  -22.2264595    
  -15.2461395    
  -6.86891174    
   2.81007385    
   13.4010773    
   24.0801926    
   33.5369415    
   40.1627426    
   42.5591888    
   40.1627426    
   33.5369415    
   24.0801926    
   13.4010773    
   2.81007385    
  -6.86891174    
  -15.2461395    
  -22.2264595    
  -27.8791351    
  -32.0905991    
  -27.6587143    
  -22.0419426    
  -15.0958023    
  -6.75024414    
   2.90036011    
   13.4669952    
   24.1264038    
   33.5686569    
   40.1855927    
   42.5790482    
   40.1855927    
   33.5686569    
   24.1264038    
   13.4669952    
   2.90036011    
  -6.75024414    
  -15.0958023    
  -22.0419426    
  -27.6587143    
  -31.8213882    
  -27.4280243    
  -21.8488503    
  -14.9385834    
  -6.62633514    
   2.99436188    
   13.5352859    
   24.1738815    
   33.6008072    
   40.2083588    
   42.5986557    
   40.2083588    
   33.6008072    
   24.1738815    
   13.5352859    
   2.99436188    
  -6.62633514    
  -14.9385834    
  -21.8488503    
  -27.4280243    
  -31.5394440    
  -27.1863403    
  -21.6465797    
  -14.7740021    
  -6.49681854    
   3.09233093    
   13.6060791    
   24.2226562    
   33.6333618    
   40.2309723    
   42.6179199    
   40.2309723    
   33.6333618    
   24.2226562    
   13.6060791    
   3.09233093    
  -6.49681854    
  -14.7740021    
  -21.6465797    
  -27.1863403    
  -31.2438965    
  -26.9329071    
  -21.4344978    
  -14.6015625    
  -6.36134338    
   3.19449615    
   13.6795044    
   24.2727509    
   33.6662521    
   40.2533264    
   42.6367188    
   40.2533264    
   33.6662521    
   24.2727509    
   13.6795044    
   3.19449615    
  -6.36134338    
  -14.6015625    
  -21.4344978    
  -26.9329071    
  -30.9338303    
  -26.6669388    
  -21.2119484    
  -14.4207458    
  -6.21952820    
   3.30107880    
   13.7556458    
   24.3241501    
   33.6993790    
   40.2752457    
   42.6548615    
   40.2752457    
   33.6993790    
   24.3241501    
   13.7556458    
   3.30107880    
  -6.21952820    
  -14.4207458    
  -21.2119484    
  -26.6669388    
  -30.6082840    
  -26.3875809    
  -20.9782066    
  -14.2309875    
  -6.07099152    
   3.41231537    
   13.8345871    
   24.3768005    
   33.7325974    
   40.2965317    
   42.6721268    
   40.2965317    
   33.7325974    
   24.3768005    
   13.8345871    
   3.41231537    
  -6.07099152    
  -14.2309875    
  -20.9782066    
  -26.3875809    
  -30.2661362    
  -26.0938568    
  -20.7324791    
  -14.0316620    
  -5.91526031    
   3.52848816    
   13.9164429    
   24.4306870    
   33.7657852    
   40.3170013    
   42.6883011    
   40.3170013    
   33.7657852    
   24.4306870    
   13.9164429    
   3.52848816    
  -5.91526031    
  -14.0316620    
  -20.7324791    
  -26.0938568    
  -29.9062500    
  -25.7847672    
  -20.4739113    
  -13.8221054    
  -5.75189209    
   3.64985657    
   14.0013046    
   24.4857330    
   33.7987366    
   40.3363647    
   42.7030869    
   40.3363647    
   33.7987366    
   24.4857330    
   14.0013046    
   3.64985657    
  -5.75189209    
  -13.8221054    
  -20.4739113    
  -25.7847672    
  -29.5273285    
  -25.4591827    
  -20.2015648    
  -13.6015930    
  -5.58035278    
   3.77672577    
   14.0892639    
   24.5418549    
   33.8312302    
   40.3543243    
   42.7161331    
   40.3543243    
   33.8312302    
   24.5418549    
   14.0892639    
   3.77672577    
  -5.58035278    
  -13.6015930    
  -20.2015648    
  -25.4591827    
  -29.1280441    
  -25.1159210    
  -19.9144630    
  -13.3693619    
  -5.40014648    
   3.90936279    
   14.1803513    
   24.5988922    
   33.8629608    
   40.3704605    
   42.7270050    
   40.3704605    
   33.8629608    
   24.5988922    
   14.1803513    
   3.90936279    
  -5.40014648    
  -13.3693619    
  -19.9144630    
  -25.1159210    
  -28.7068481    
  -24.7536087    
  -19.6114540    
  -13.1244965    
  -5.21061707    
   4.04814148    
   14.2747040    
   24.6567459    
   33.8936539    
   40.3843994    
   42.7352829    
   40.3843994    
   33.8936539    
   24.6567459    
   14.2747040    
   4.04814148    
  -5.21061707    
  -13.1244965    
  -19.6114540    
  -24.7536087    
  -28.2621918    
  -24.3708954    
  -19.2913933    
  -12.8661499    
  -5.01119995    
   4.19332123    
   14.3722763    
   24.7151260    
   33.9228210    
   40.3955231    
   42.7403030    
   40.3955231    
   33.9228210    
   24.7151260    
   14.3722763    
   4.19332123    
  -5.01119995    
  -12.8661499    
  -19.2913933    
  -24.3708954    
  -27.7923050    
  -23.9662018    
  -18.9529762    
  -12.5932999    
  -4.80121613    
   4.34526062    
   14.4730988    
   24.7737808    
   33.9499741    
   40.4032059    
   42.7413940    
   40.4032059    
   33.9499741    
   24.7737808    
   14.4730988    
   4.34526062    
  -4.80121613    
  -12.5932999    
  -18.9529762    
  -23.9662018    
  -27.2953339    
  -23.5378723    
  -18.5948067    
  -12.3048935    
  -4.57997131    
   4.50426483    
   14.5771179    
   24.8323135    
   33.9744720    
   40.4066315    
   42.7376938    
   40.4066315    
   33.9744720    
   24.8323135    
   14.5771179    
   4.50426483    
  -4.57997131    
  -12.3048935    
  -18.5948067    
  -23.5378723    
  -26.7692642    
  -23.0841217    
  -18.2154045    
  -11.9997787    
  -4.34671783    
   4.67063904    
   14.6842270    
   24.8902512    
   33.9955444    
   40.4048538    
   42.7281647    
   40.4048538    
   33.9955444    
   24.8902512    
   14.6842270    
   4.67063904    
  -4.34671783    
  -11.9997787    
  -18.2154045    
  -23.0841217    
  -26.2119446    
  -22.6030197    
  -17.8131371    
  -11.6767349    
  -4.10069275    
   4.84468079    
   14.7942429    
   24.9469910    
   34.0122452    
   40.3966904    
   42.7115784    
   40.3966904    
   34.0122452    
   24.9469910    
   14.7942429    
   4.84468079    
  -4.10069275    
  -11.6767349    
  -17.8131371    
  -22.6030197    
  -25.6210861    
  -22.0924911    
  -17.3862724    
  -11.3344574    
  -3.84109497    
   5.02664948    
   14.9068832    
   25.0017700    
   34.0234146    
   40.3807526    
   42.6864395    
   40.3807526    
   34.0234146    
   25.0017700    
   14.9068832    
   5.02664948    
  -3.84109497    
  -11.3344574    
  -17.3862724    
  -22.0924911    
  -24.9942474    
  -21.5503464    
  -16.9329796    
  -10.9715729    
  -3.56710052    
   5.21675873    
   15.0217514    
   25.0536118    
   34.0276413    
   40.3553162    
   42.6509323    
   40.3553162    
   34.0276413    
   25.0536118    
   15.0217514    
   5.21675873    
  -3.56710052    
  -10.9715729    
  -16.9329796    
  -21.5503464    
  -24.3288803    
  -20.9742508    
  -16.4512825    
  -10.5866394    
  -3.27788544    
   5.41513824    
   15.1382751    
   25.1013107    
   34.0231934    
   40.3183136    
   42.6028595    
   40.3183136    
   34.0231934    
   25.1013107    
   15.1382751    
   5.41513824    
  -3.27788544    
  -10.5866394    
  -16.4512825    
  -20.9742508    
  -23.6223450    
  -20.3617783    
  -15.9391594    
  -10.1781540    
  -2.97264862    
   5.62181091    
   15.2556839    
   25.1433334    
   34.0079269    
   40.2672119    
   42.5395584    
   40.2672119    
   34.0079269    
   25.1433334    
   15.2556839    
   5.62181091    
  -2.97264862    
  -10.1781540    
  -15.9391594    
  -20.3617783    
  -22.8719139    
  -19.7104263    
  -15.3944893    
  -9.74461365    
  -2.65062714    
   5.83666992    
   15.3729324    
   25.1777954    
   33.9792480    
   40.1989441    
   42.4577942    
   40.1989441    
   33.9792480    
   25.1777954    
   15.3729324    
   5.83666992    
  -2.65062714    
  -9.74461365    
  -15.3944893    
  -19.7104263    
  -22.0748787    
  -19.0176392    
  -14.8151207    
  -9.28447723    
  -2.31112671    
   6.05940247    
   15.4886856    
   25.2023544    
   33.9339752    
   40.1097794    
   42.3536530    
   40.1097794    
   33.9339752    
   25.2023544    
   15.4886856    
   6.05940247    
  -2.31112671    
  -9.28447723    
  -14.8151207    
  -19.0176392    
  -21.2286568    
  -18.2809753    
  -14.1990013    
  -8.79634857    
  -1.95368195    
   6.28939819    
   15.6010971    
   25.2139969    
   33.8681488    
   39.9951096    
   42.2222977    
   39.9951096    
   33.8681488    
   25.2139969    
   15.6010971    
   6.28939819    
  -1.95368195    
  -8.79634857    
  -14.1990013    
  -18.2809753    
  -20.3308296    
  -17.4980698    
  -13.5441246    
  -8.27893066    
  -1.57796478    
   6.52571869    
   15.7078934    
   25.2091064    
   33.7769928    
   39.8494110    
   42.0579224    
   39.8494110    
   33.7769928    
   25.2091064    
   15.7078934    
   6.52571869    
  -1.57796478    
  -8.27893066    
  -13.5441246    
  -17.4980698    
  -19.3793678    
  -16.6668739    
  -12.8487587    
  -7.73115540    
  -1.18397522    
   6.76698303    
   15.8061142    
   25.1831665    
   33.6546707    
   39.6659317    
   41.8534775    
   39.6659317    
   33.6546707    
   25.1831665    
   15.8061142    
   6.76698303    
  -1.18397522    
  -7.73115540    
  -12.8487587    
  -16.6668739    
  -18.3728828    
  -15.7858734    
  -12.1116142    
  -7.15242004    
 -0.772247314    
   7.01116943    
   15.8919601    
   25.1305847    
   33.4940414    
   39.4364624    
   41.6003647    
   39.4364624    
   33.4940414    
   25.1305847    
   15.8919601    
   7.01116943    
 -0.772247314    
  -7.15242004    
  -12.1116142    
  -15.7858734    
  -17.3108177    
  -14.8542252    
  -11.3319740    
  -6.54261780    
 -0.343803406    
   7.25558472    
   15.9607773    
   25.0446396    
   33.2865219    
   39.1511917    
   41.2883224    
   39.1511917    
   33.2865219    
   25.0446396    
   15.9607773    
   7.25558472    
 -0.343803406    
  -6.54261780    
  -11.3319740    
  -14.8542252    
  -16.1939087    
  -13.8722191    
  -10.5100975    
  -5.90251160    
   9.94186401E-02
   7.49655151    
   16.0066757    
   24.9170990    
   33.0218048    
   38.7983170    
   40.9050293    
   38.7983170    
   33.0218048    
   24.9170990    
   16.0066757    
   7.49655151    
   9.94186401E-02
  -5.90251160    
  -10.5100975    
  -13.8722191    
  -15.0245209    
  -12.8415565    
  -9.64744568    
  -5.23394012    
  0.554542542    
   7.72937775    
   16.0225754    
   24.7382278    
   32.6877213    
   38.3639603    
   40.4359818    
   38.3639603    
   32.6877213    
   24.7382278    
   16.0225754    
   7.72937775    
  0.554542542    
  -5.23394012    
  -9.64744568    
  -12.8415565    
  -13.8072319    
  -11.7659264    
  -8.74720001    
  -4.54019165    
   1.01731873    
   7.94803619    
   15.9999084    
   24.4965439    
   32.2700348    
   37.8319092    
   39.8642502    
   37.8319092    
   32.2700348    
   24.4965439    
   15.9999084    
   7.94803619    
   1.01731873    
  -4.54019165    
  -8.74720001    
  -11.7659264    
  -12.5492477    
  -10.6513901    
  -7.81461716    
  -3.82631683    
   1.48204803    
   8.14514160    
   15.9287262    
   24.1789627    
   31.7526093    
   37.1838074    
   39.1706543    
   37.1838074    
   31.7526093    
   24.1789627    
   15.9287262    
   8.14514160    
   1.48204803    
  -3.82631683    
  -7.81461716    
  -10.6513901    
  -11.2609138    
  -9.50693512    
  -6.85752487    
  -3.09952545    
   1.94127655    
   8.31188965    
   15.7977219    
   23.7709656    
   31.1176605    
   36.3993912    
   38.3340225    
   36.3993912    
   31.1176605    
   23.7709656    
   15.7977219    
   8.31188965    
   1.94127655    
  -3.09952545    
  -6.85752487    
  -9.50693512    
  -9.95601273    
  -8.34478760    
  -5.88661957    
  -2.36939240    
   2.38574982    
   8.43817902    
   15.5947037    
   23.2572479    
   30.3465118    
   35.4574051    
   37.3320999    
   35.4574051    
   30.3465118    
   23.2572479    
   15.5947037    
   8.43817902    
   2.38574982    
  -2.36939240    
  -5.88661957    
  -8.34478760    
  -8.65187454    
  -7.18061447    
  -4.91571045    
  -1.64800262    
   2.80442810    
   8.51290894    
   15.3070908    
   22.6225586    
   29.4207458    
   34.3368301    
   36.1428986    
   34.3368301    
   29.4207458    
   22.6225586    
   15.3070908    
   8.51290894    
   2.80442810    
  -1.64800262    
  -4.91571045    
  -7.18061447    
  -7.36885834    
  -6.03313828    
  -3.96138763    
 -0.949653625    
   3.18499756    
   8.52477264    
   14.9232025    
   21.8534012    
   28.3242798    
   33.0192719    
   34.7470627    
   33.0192719    
   28.3242798    
   21.8534012    
   14.9232025    
   8.52477264    
   3.18499756    
 -0.949653625    
  -3.96138763    
  -6.03313828    
  -6.12945175    
  -4.92336273    
  -3.04236221    
 -0.290199280    
   3.51453400    
   8.46322632    
   14.4336243    
   20.9400024    
   27.0457840    
   31.4917297    
   33.1309052    
   31.4917297    
   27.0457840    
   20.9400024    
   14.4336243    
   8.46322632    
   3.51453400    
 -0.290199280    
  -3.04236221    
  -4.92336273    
  -4.95678329    
  -3.87322235    
  -2.17829895    
  0.313991547    
   3.78062439    
   8.31975555    
   13.8329010    
   19.8784637    
   25.5814896    
   29.7498474    
   31.2897186    
   29.7498474    
   25.5814896    
   19.8784637    
   13.8329010    
   8.31975555    
   3.78062439    
  0.313991547    
  -2.17829895    
  -3.87322235    
  -3.87258911    
  -2.90367508    
  -1.38805008    
  0.847602844    
   3.97274017    
   8.08930969    
   13.1212082    
   18.6730194    
   23.9380493    
   27.8012543    
   29.2313385    
   27.8012543    
   23.9380493    
   18.6730194    
   13.1212082    
   8.08930969    
   3.97274017    
  0.847602844    
  -1.38805008    
  -2.90367508    
  -2.89516068    
  -2.03264618    
 -0.687751770    
   1.29803848    
   4.08364105    
   7.77149963    
   12.3055649    
   17.3374710    
   22.1343231    
   25.6677704    
   26.9785156    
   25.6677704    
   22.1343231    
   17.3374710    
   12.3055649    
   7.77149963    
   4.08364105    
   1.29803848    
 -0.687751770    
  -2.03264618    
  -2.03749847    
  -1.27317047    
  -8.90617371E-02
   1.65694046    
   4.11058807    
   7.37133789    
   11.4002457    
   15.8954315    
   20.2018127    
   23.3860092    
   24.5696335    
   23.3860092    
   20.2018127    
   15.8954315    
   11.4002457    
   7.37133789    
   4.11058807    
   1.65694046    
  -8.90617371E-02
  -1.27317047    
  -1.30626297    
 -0.632202148    
  0.402019501    
   1.92118454    
   4.05577087    
   6.89912415    
   10.4259338    
   14.3789597    
   18.1828461    
   21.0054245    
   22.0566788    
   21.0054245    
   18.1828461    
   14.3789597    
   10.4259338    
   6.89912415    
   4.05577087    
   1.92118454    
  0.402019501    
 -0.632202148    
 -0.701587677    
 -0.110324860    
  0.785491943    
   2.09302521    
   3.92617798    
   6.36956787    
   9.40795898    
   12.8257446    
   16.1269760    
   18.5841904    
   19.5009766    
   18.5841904    
   16.1269760    
   12.8257446    
   9.40795898    
   6.36956787    
   3.92617798    
   2.09302521    
  0.785491943    
 -0.110324860    
 -0.217796326    
  0.297676086    
   1.06681061    
   2.17954636    
   3.73270416    
   5.80027008    
   8.37380219    
   11.2754745    
   14.0861969    
   16.1836014    
   16.9672928    
   16.1836014    
   14.0861969    
   11.2754745    
   8.37380219    
   5.80027008    
   3.73270416    
   2.17954636    
   1.06681061    
  0.297676086    
  0.155220032    
  0.601478577    
   1.25566864    
   2.19142151    
   3.48871613    
   5.20988464    
   7.35042572    
   9.76597595    
   12.1098709    
   13.8620148    
   14.5174179    
   13.8620148    
   12.1098709    
   9.76597595    
   7.35042572    
   5.20988464    
   3.48871613    
   2.19142151    
   1.25566864    
  0.601478577    
  0.430450439    
  0.813732147    
   1.36452103    
   2.14147949    
   3.20864105    
   4.61639404    
   6.36202240    
   8.33015442    
   10.2406006    
   11.6699219    
   12.2049103    
   11.6699219    
   10.2406006    
   8.33015442    
   6.36202240    
   4.61639404    
   3.20864105    
   2.14147949    
   1.36452103    
  0.813732147    
  0.622180939    
  0.948448181    
   1.40703583    
   2.04326248    
   2.90655518    
   4.03576660    
   5.42843628    
   6.99388885    
   8.51145935    
   9.64647675    
   10.0713120    
   9.64647675    
   8.51145935    
   6.99388885    
   5.42843628    
   4.03576660    
   2.90655518    
   2.04326248    
   1.40703583    
  0.948448181    
  0.744792938    
   1.01977158    
   1.39690781    
   1.90989304    
   2.59522247    
   3.48113251    
   4.56446075    
   5.77524567    
   6.94493866    
   7.81816864    
   8.14476776    
   7.81816864    
   6.94493866    
   5.77524567    
   4.56446075    
   3.48113251    
   2.59522247    
   1.90989304    
   1.39690781    
   1.01977158    
  0.811843872    
   1.04103470    
   1.34690475    
   1.75326157    
   2.28546906    
   2.96237946    
   3.77969360    
   4.68461609    
   5.55319214    
   6.19907379    
   6.44020081    
   6.19907379    
   5.55319214    
   4.68461609    
   3.77969360    
   2.96237946    
   2.28546906    
   1.75326157    
   1.34690475    
   1.04103470    
  0.835559845    
   1.02423096    
   1.26836395    
   1.58358002    
   1.98592377    
   2.48626709    
   3.07907104    
   3.72560883    
   4.33930969    
   4.79235840    
   4.96089172    
   4.79235840    
   4.33930969    
   3.72560883    
   3.07907104    
   2.48626709    
   1.98592377    
   1.58358002    
   1.26836395    
   1.02423096    
  0.826568604    
  0.979717255    
   1.17094421    
   1.40921402    
   1.70301819    
   2.05667877    
   2.46356201    
   2.89634705    
   3.29911041    
   3.59243011    
   3.70079041    
   3.59243011    
   3.29911041    
   2.89634705    
   2.46356201    
   2.05667877    
   1.70301819    
   1.40921402    
   1.17094421    
  0.979717255    
  0.793830872    
  0.916152954    
   1.06253433    
   1.23670197    
   1.44115448    
   1.67508698    
   1.93100739    
   2.19072723    
   2.42294312    
   2.58716583    
   2.64689636    
   2.58716583    
   2.42294312    
   2.19072723    
   1.93100739    
   1.67508698    
   1.44115448    
   1.23670197    
   1.06253433    
  0.916152954    
  0.744728088    
  0.840587616    
  0.949413300    
   1.07091141    
   1.20302582    
   1.34104919    
   1.47697449    
   1.59984589    
   1.69762421    
   1.76023865    
   1.78171539    
   1.76023865    
   1.69762421    
   1.59984589    
   1.47697449    
   1.34104919    
   1.20302582    
   1.07091141    
  0.949413300    
  0.840587616    
  0.685222626    
  0.758621216    
  0.836402893    
  0.915290833    
  0.989891052    
   1.05271912    
   1.09555054    
   1.11304474    
   1.10784912    
   1.09288025    
   1.08518982    
   1.09288025    
   1.10784912    
   1.11304474    
   1.09555054    
   1.05271912    
  0.989891052    
  0.915290833    
  0.836402893    
  0.758621216    
  0.619995117    
  0.674564362    
  0.727046967    
  0.772060394    
  0.801902771    
  0.807235718    
  0.779891968    
  0.718856812    
  0.637512207    
  0.565475464    
  0.536384583    
  0.565475464    
  0.637512207    
  0.718856812    
  0.779891968    
  0.807235718    
  0.801902771    
  0.772060394    
  0.727046967    
  0.674564362    
  0.552642822    
  0.591632843    
  0.623828888    
  0.642452240    
  0.638336182    
  0.601058960    
  0.522743225    
  0.405578613    
  0.270477295    
  0.158477783    
  0.114463806    
  0.158477783    
  0.270477295    
  0.405578613    
  0.522743225    
  0.601058960    
  0.638336182    
  0.642452240    
  0.623828888    
  0.591632843    
  0.485877991    
  0.512168884    
  0.528404236    
  0.526985168    
  0.497947693    
  0.430389404    
  0.316909790    
  0.161972046    
  -8.58306885E-03
 -0.146568298    
 -0.200218201    
 -0.146568298    
  -8.58306885E-03
  0.161972046    
  0.316909790    
  0.430389404    
  0.497947693    
  0.526985168    
  0.528404236    
  0.512168884    
  0.421642303    
  0.437744141    
  0.441688538    
  0.425518036    
  0.378990173    
  0.291191101    
  0.155303955    
  -2.26516724E-02
 -0.214012146    
 -0.366836548    
 -0.425910950    
 -0.366836548    
 -0.214012146    
  -2.26516724E-02
  0.155303955    
  0.291191101    
  0.378990173    
  0.425518036    
  0.441688538    
  0.437744141    
  0.361263275    
  0.369346619    
  0.364097595    
  0.337539673    
  0.279541016    
  0.179534912    
   3.13415527E-02
 -0.158020020    
 -0.358734131    
 -0.517715454    
 -0.578926086    
 -0.517715454    
 -0.358734131    
 -0.158020020    
   3.13415527E-02
  0.179534912    
  0.279541016    
  0.337539673    
  0.364097595    
  0.369346619    
  0.305618286    
  0.307533264    
  0.295654297    
  0.262245178    
  0.197578430    
   9.16595459E-02
  -6.09970093E-02
 -0.252883911    
 -0.454216003    
 -0.612754822    
 -0.673629761    
 -0.612754822    
 -0.454216003    
 -0.252883911    
  -6.09970093E-02
   9.16595459E-02
  0.197578430    
  0.262245178    
  0.295654297    
  0.307533264    
  0.255180359    
  0.252475739    
  0.236072540    
  0.198635101    
  0.131034851    
   2.40402222E-02
 -0.127189636    
 -0.314971924    
 -0.510505676    
 -0.663764954    
 -0.722496033    
 -0.663764954    
 -0.510505676    
 -0.314971924    
 -0.127189636    
   2.40402222E-02
  0.131034851    
  0.198635101    
  0.236072540    
  0.252475739    
  0.210128784    
  0.204097748    
  0.184856415    
  0.145595551    
   7.79190063E-02
  -2.65884399E-02
 -0.172080994    
 -0.351028442    
 -0.536216736    
 -0.680824280    
 -0.736145020    
 -0.680824280    
 -0.536216736    
 -0.351028442    
 -0.172080994    
  -2.65884399E-02
   7.79190063E-02
  0.145595551    
  0.184856415    
  0.204097748    
  0.170448303    
  0.162151337    
  0.141407013    
  0.102008820    
   3.63540649E-02
  -6.30798340E-02
 -0.199859619    
 -0.366760254    
 -0.538589478    
 -0.672340393    
 -0.723426819    
 -0.672340393    
 -0.538589478    
 -0.366760254    
 -0.199859619    
  -6.30798340E-02
   3.63540649E-02
  0.102008820    
  0.141407013    
  0.162151337    
  0.135951996    
  0.126232147    
  0.105014801    
   6.67266846E-02
   4.58526611E-03
  -8.80584717E-02
 -0.214195251    
 -0.367057800    
 -0.523727417    
 -0.645347595    
 -0.691741943    
 -0.645347595    
 -0.523727417    
 -0.367057800    
 -0.214195251    
  -8.80584717E-02
   4.58526611E-03
   6.67266846E-02
  0.105014801    
  0.126232147    
  0.106319427    
   9.58557129E-02
   7.49397278E-02
   3.86466980E-02
  -1.89971924E-02
 -0.103775024    
 -0.218185425    
 -0.355987549    
 -0.496658325    
 -0.605583191    
 -0.647087097    
 -0.605583191    
 -0.496658325    
 -0.355987549    
 -0.218185425    
 -0.103775024    
  -1.89971924E-02
   3.86466980E-02
   7.49397278E-02
   9.58557129E-02
   8.11996460E-02
   7.05032349E-02
   5.04531860E-02
   1.67465210E-02
  -3.58047485E-02
 -0.112174988    
 -0.214416504    
 -0.336898804    
 -0.461448669    
 -0.557662964    
 -0.594284058    
 -0.557662964    
 -0.461448669    
 -0.336898804    
 -0.214416504    
 -0.112174988    
  -3.58047485E-02
   1.67465210E-02
   5.04531860E-02
   7.05032349E-02
   6.01615906E-02
   4.96215820E-02
   3.08265686E-02
   6.10351562E-05
  -4.71191406E-02
 -0.114959717    
 -0.205085754    
 -0.312492371    
 -0.421325684    
 -0.505218506    
 -0.537117004    
 -0.505218506    
 -0.421325684    
 -0.312492371    
 -0.205085754    
 -0.114959717    
  -4.71191406E-02
   6.10351562E-05
   3.08265686E-02
   4.96215820E-02
   4.27970886E-02
   3.26995850E-02
   1.54075623E-02
  -1.22375488E-02
  -5.40084839E-02
 -0.113456726    
 -0.191886902    
 -0.284881592    
 -0.378784180    
 -0.451019287    
 -0.478446960    
 -0.451019287    
 -0.378784180    
 -0.284881592    
 -0.191886902    
 -0.113456726    
  -5.40084839E-02
  -1.22375488E-02
   1.54075623E-02
   3.26995850E-02
   2.86636353E-02
   1.91993713E-02
   3.55148315E-03
  -2.09465027E-02
  -5.74493408E-02
 -0.108886719    
 -0.176277161    
 -0.255783081    
 -0.335800171    
 -0.397216797    
 -0.420516968    
 -0.397216797    
 -0.335800171    
 -0.255783081    
 -0.176277161    
 -0.108886719    
  -5.74493408E-02
  -2.09465027E-02
   3.55148315E-03
   1.91993713E-02
   1.73492432E-02
   8.64791870E-03
  -5.31005859E-03
  -2.67333984E-02
  -5.82199097E-02
 -0.102165222    
 -0.159347534    
 -0.226486206    
 -0.293807983    
 -0.345359802    
 -0.364898682    
 -0.345359802    
 -0.293807983    
 -0.226486206    
 -0.159347534    
 -0.102165222    
  -5.82199097E-02
  -2.67333984E-02
  -5.31005859E-03
   8.64791870E-03
   8.46099854E-03
   5.83648682E-04
  -1.16958618E-02
  -3.01933289E-02
  -5.70220947E-02
  -9.40933228E-02
 -0.141998291    
 -0.197929382    
 -0.253822327    
 -0.296531677    
 -0.312698364    
 -0.296531677    
 -0.253822327    
 -0.197929382    
 -0.141998291    
  -9.40933228E-02
  -5.70220947E-02
  -3.01933289E-02
  -1.16958618E-02
   5.83648682E-04
   1.64031982E-03
  -5.38253784E-03
  -1.60408020E-02
  -3.18107605E-02
  -5.43746948E-02
  -8.52432251E-02
 -0.124816895    
 -0.170783997    
 -0.216537476    
 -0.251403809    
 -0.264595032    
 -0.251403809    
 -0.216537476    
 -0.170783997    
 -0.124816895    
  -8.52432251E-02
  -5.43746948E-02
  -3.18107605E-02
  -1.60408020E-02
  -5.38253784E-03
  -3.44085693E-03
  -9.62066650E-03
  -1.87644958E-02
  -3.20358276E-02
  -5.07583618E-02
  -7.60955811E-02
 -0.108322144    
 -0.145530701    
 -0.182395935    
 -0.210418701    
 -0.221000671    
 -0.210418701    
 -0.182395935    
 -0.145530701    
 -0.108322144    
  -7.60955811E-02
  -5.07583618E-02
  -3.20358276E-02
  -1.87644958E-02
  -9.62066650E-03
  -7.09533691E-03
  -1.24588013E-02
  -2.02026367E-02
  -3.12232971E-02
  -4.65316772E-02
  -6.70166016E-02
  -9.28344727E-02
 -0.122421265    
 -0.151603699    
 -0.173713684    
 -0.182044983    
 -0.173713684    
 -0.151603699    
 -0.122421265    
  -9.28344727E-02
  -6.70166016E-02
  -4.65316772E-02
  -3.12232971E-02
  -2.02026367E-02
  -1.24588013E-02
  -9.57107544E-03
  -1.41716003E-02
  -2.06375122E-02
  -2.96592712E-02
  -4.19845581E-02
  -5.82504272E-02
  -7.85369873E-02
 -0.101608276    
 -0.124229431    
 -0.141296387    
 -0.147720337    
 -0.141296387    
 -0.124229431    
 -0.101608276    
  -7.85369873E-02
  -5.82504272E-02
  -4.19845581E-02
  -2.96592712E-02
  -2.06375122E-02
  -1.41716003E-02
  -1.11083984E-02
  -1.49993896E-02
  -2.03285217E-02
  -2.75955200E-02
  -3.73382568E-02
  -4.99954224E-02
  -6.55822754E-02
  -8.31298828E-02
 -0.100204468    
 -0.113037109    
 -0.117851257    
 -0.113037109    
 -0.100204468    
  -8.31298828E-02
  -6.55822754E-02
  -4.99954224E-02
  -3.73382568E-02
  -2.75955200E-02
  -2.03285217E-02
  -1.49993896E-02
  -1.18980408E-02
  -1.51481628E-02
  -1.94740295E-02
  -2.52227783E-02
  -3.27606201E-02
  -4.23660278E-02
  -5.40084839E-02
  -6.69403076E-02
  -7.94067383E-02
  -8.87145996E-02
  -9.21936035E-02
  -8.87145996E-02
  -7.94067383E-02
  -6.69403076E-02
  -5.40084839E-02
  -4.23660278E-02
  -3.27606201E-02
  -2.52227783E-02
  -1.94740295E-02
  -1.51481628E-02
  -1.21307373E-02
  -1.48086548E-02
  -1.82609558E-02
  -2.27165222E-02
  -2.83966064E-02
  -3.54614258E-02
  -4.38308716E-02
  -5.29708862E-02
  -6.16531372E-02
  -6.80770874E-02
  -7.04650879E-02
  -6.80770874E-02
  -6.16531372E-02
  -5.29708862E-02
  -4.38308716E-02
  -3.54614258E-02
  -2.83966064E-02
  -2.27165222E-02
  -1.82609558E-02
  -1.48086548E-02
  -1.19285583E-02
  -1.41029358E-02
  -1.68037415E-02
  -2.01644897E-02
  -2.42996216E-02
  -2.92587280E-02
  -3.49655151E-02
  -4.10156250E-02
  -4.66384888E-02
  -5.07354736E-02
  -5.22460938E-02
  -5.07354736E-02
  -4.66384888E-02
  -4.10156250E-02
  -3.49655151E-02
  -2.92587280E-02
  -2.42996216E-02
  -2.01644897E-02
  -1.68037415E-02
  -1.41029358E-02
  -1.14135742E-02
  -1.31454468E-02
  -1.52091980E-02
  -1.76620483E-02
  -2.05307007E-02
  -2.37884521E-02
  -2.73437500E-02
  -3.09371948E-02
  -3.41262817E-02
  -3.63769531E-02
  -3.71932983E-02
  -3.63769531E-02
  -3.41262817E-02
  -3.09371948E-02
  -2.73437500E-02
  -2.37884521E-02
  -2.05307007E-02
  -1.76620483E-02
  -1.52091980E-02
  -1.31454468E-02
  -1.06773376E-02
  -1.20353699E-02
  -1.35650635E-02
  -1.52664185E-02
  -1.71051025E-02
  -1.90124512E-02
  -2.08663940E-02
  -2.25296021E-02
  -2.38265991E-02
  -2.46429443E-02
  -2.49252319E-02
  -2.46429443E-02
  -2.38265991E-02
  -2.25296021E-02
  -2.08663940E-02
  -1.90124512E-02
  -1.71051025E-02
  -1.52664185E-02
  -1.35650635E-02
  -1.20353699E-02
  -9.81521606E-03
  -1.08528137E-02
  -1.19400024E-02
  -1.30386353E-02
  -1.40686035E-02
  -1.49154663E-02
  -1.54647827E-02
  -1.56478882E-02
  -1.55029297E-02
  -1.52435303E-02
  -1.51214600E-02
  -1.52435303E-02
  -1.55029297E-02
  -1.56478882E-02
  -1.54647827E-02
  -1.49154663E-02
  -1.40686035E-02
  -1.30386353E-02
  -1.19400024E-02
  -1.08528137E-02
  -8.86917114E-03
  -9.63592529E-03
  -1.03645325E-02
  -1.09825134E-02
  -1.13754272E-02
  -1.14135742E-02
  -1.09863281E-02
  -1.00708008E-02
  -8.87298584E-03
  -7.82775879E-03
  -7.40814209E-03
  -7.82775879E-03
  -8.87298584E-03
  -1.00708008E-02
  -1.09863281E-02
  -1.14135742E-02
  -1.13754272E-02
  -1.09825134E-02
  -1.03645325E-02
  -9.63592529E-03
  -7.91168213E-03
  -8.46099854E-03
  -8.89968872E-03
  -9.14764404E-03
  -9.07135010E-03
  -8.50677490E-03
  -7.36999512E-03
  -5.67626953E-03
  -3.73840332E-03
  -2.13623047E-03
  -1.51062012E-03
  -2.13623047E-03
  -3.73840332E-03
  -5.67626953E-03
  -7.36999512E-03
  -8.50677490E-03
  -9.07135010E-03
  -9.14764404E-03
  -8.89968872E-03
  -8.46099854E-03
  -6.96182251E-03
  -7.32803345E-03
  -7.54547119E-03
  -7.51113892E-03
  -7.08007812E-03
  -6.09588623E-03
  -4.47082520E-03
  -2.24304199E-03
   1.83105469E-04
   2.14385986E-03
   2.89916992E-03
   2.14385986E-03
   1.83105469E-04
  -2.24304199E-03
  -4.47082520E-03
  -6.09588623E-03
  -7.08007812E-03
  -7.51113892E-03
  -7.54547119E-03
  -7.32803345E-03
  -6.04248047E-03
  -6.26373291E-03
  -6.30569458E-03
  -6.06536865E-03
  -5.38635254E-03
  -4.11987305E-03
  -2.17437744E-03
   3.66210938E-04
   3.08990479E-03
   5.24902344E-03
   6.08825684E-03
   5.24902344E-03
   3.08990479E-03
   3.66210938E-04
  -2.17437744E-03
  -4.11987305E-03
  -5.38635254E-03
  -6.06536865E-03
  -6.30569458E-03
  -6.26373291E-03
  -5.18035889E-03
  -5.28717041E-03
  -5.19943237E-03
  -4.81033325E-03
  -3.96728516E-03
  -2.52532959E-03
  -4.11987305E-04
   2.28118896E-03
   5.12695312E-03
   7.38525391E-03
   8.24737549E-03
   7.38525391E-03
   5.12695312E-03
   2.28118896E-03
  -4.11987305E-04
  -2.52532959E-03
  -3.96728516E-03
  -4.81033325E-03
  -5.19943237E-03
  -5.28717041E-03
  -4.38690186E-03
  -4.40979004E-03
  -4.22286987E-03
  -3.73840332E-03
  -2.80761719E-03
  -1.28173828E-03
   8.92639160E-04
   3.63159180E-03
   6.48498535E-03
   8.73565674E-03
   9.59014893E-03
   8.73565674E-03
   6.48498535E-03
   3.63159180E-03
   8.92639160E-04
  -1.28173828E-03
  -2.80761719E-03
  -3.73840332E-03
  -4.22286987E-03
  -4.40979004E-03
  -3.66210938E-03
  -3.62014771E-03
  -3.37219238E-03
  -2.83050537E-03
  -1.86157227E-03
  -3.20434570E-04
   1.83105469E-03
   4.51660156E-03
   7.29370117E-03
   9.46807861E-03
   1.02996826E-02
   9.46807861E-03
   7.29370117E-03
   4.51660156E-03
   1.83105469E-03
  -3.20434570E-04
  -1.86157227E-03
  -2.83050537E-03
  -3.37219238E-03
  -3.62014771E-03
  -3.02124023E-03
  -2.92968750E-03
  -2.64358521E-03
  -2.07519531E-03
  -1.10626221E-03
   3.96728516E-04
   2.47192383E-03
   5.02014160E-03
   7.65228271E-03
   9.70458984E-03
   1.04827881E-02
   9.70458984E-03
   7.65228271E-03
   5.02014160E-03
   2.47192383E-03
   3.96728516E-04
  -1.10626221E-03
  -2.07519531E-03
  -2.64358521E-03
  -2.92968750E-03
  -2.44903564E-03
  -2.32696533E-03
  -2.02178955E-03
  -1.44958496E-03
  -5.03540039E-04
   9.23156738E-04
   2.87628174E-03
   5.24902344E-03
   7.69805908E-03
   9.59777832E-03
   1.03225708E-02
   9.59777832E-03
   7.69805908E-03
   5.24902344E-03
   2.87628174E-03
   9.23156738E-04
  -5.03540039E-04
  -1.44958496E-03
  -2.02178955E-03
  -2.32696533E-03
  -1.95693970E-03
  -1.81579590E-03
  -1.50680542E-03
  -9.53674316E-04
  -6.10351562E-05
   1.26647949E-03
   3.06701660E-03
   5.24902344E-03
   7.48443604E-03
   9.20867920E-03
   9.86480713E-03
   9.20867920E-03
   7.48443604E-03
   5.24902344E-03
   3.06701660E-03
   1.26647949E-03
  -6.10351562E-05
  -9.53674316E-04
  -1.50680542E-03
  -1.81579590E-03
  -1.52969360E-03
  -1.38092041E-03
  -1.06811523E-03
  -5.45501709E-04
   2.82287598E-04
   1.50299072E-03
   3.13568115E-03
   5.10406494E-03
   7.11059570E-03
   8.66699219E-03
   9.25445557E-03
   8.66699219E-03
   7.11059570E-03
   5.10406494E-03
   3.13568115E-03
   1.50299072E-03
   2.82287598E-04
  -5.45501709E-04
  -1.06811523E-03
  -1.38092041E-03
  -1.15966797E-03
  -1.00326538E-03
  -7.13348389E-04
  -2.25067139E-04
   5.34057617E-04
   1.63269043E-03
   3.08990479E-03
   4.84466553E-03
   6.62231445E-03
   8.00323486E-03
   8.52203369E-03
   8.00323486E-03
   6.62231445E-03
   4.84466553E-03
   3.08990479E-03
   1.63269043E-03
   5.34057617E-04
  -2.25067139E-04
  -7.13348389E-04
  -1.00326538E-03
  -8.65936279E-04
  -7.13348389E-04
  -4.38690186E-04
   7.62939453E-06
   6.86645508E-04
   1.65557861E-03
   2.94494629E-03
   4.48608398E-03
   6.04248047E-03
   7.24029541E-03
   7.69042969E-03
   7.24029541E-03
   6.04248047E-03
   4.48608398E-03
   2.94494629E-03
   1.65557861E-03
   6.86645508E-04
   7.62939453E-06
  -4.38690186E-04
  -7.13348389E-04
  -6.14166260E-04
  -4.65393066E-04
  -2.13623047E-04
   1.86920166E-04
   7.85827637E-04
   1.64031982E-03
   2.76184082E-03
   4.08935547E-03
   5.43212891E-03
   6.46972656E-03
   6.85119629E-03
   6.46972656E-03
   5.43212891E-03
   4.08935547E-03
   2.76184082E-03
   1.64031982E-03
   7.85827637E-04
   1.86920166E-04
  -2.13623047E-04
  -4.65393066E-04
  -4.11987305E-04
  -2.78472900E-04
  -4.57763672E-05
   3.05175781E-04
   8.31604004E-04
   1.56402588E-03
   2.52532959E-03
   3.66973877E-03
   4.81414795E-03
   5.69152832E-03
   6.02722168E-03
   5.69152832E-03
   4.81414795E-03
   3.66973877E-03
   2.52532959E-03
   1.56402588E-03
   8.31604004E-04
   3.05175781E-04
  -4.57763672E-05
  -2.78472900E-04
  -2.40325928E-04
  -1.14440918E-04
   9.15527344E-05
   4.00543213E-04
   8.54492188E-04
   1.48773193E-03
   2.31170654E-03
   3.26538086E-03
   4.23431396E-03
   4.97436523E-03
   5.24902344E-03
   4.97436523E-03
   4.23431396E-03
   3.26538086E-03
   2.31170654E-03
   1.48773193E-03
   8.54492188E-04
   4.00543213E-04
   9.15527344E-05
  -1.14440918E-04
  -1.10626221E-04
   3.81469727E-06
   1.86920166E-04
   4.53948975E-04
   8.39233398E-04
   1.37329102E-03
   2.05993652E-03
   2.86102295E-03
   3.66210938E-03
   4.27246094E-03
   4.50134277E-03
   4.27246094E-03
   3.66210938E-03
   2.86102295E-03
   2.05993652E-03
   1.37329102E-03
   8.39233398E-04
   4.53948975E-04
   1.86920166E-04
   3.81469727E-06
  -1.52587891E-05
   8.39233398E-05
   2.44140625E-04
   4.73022461E-04
   7.93457031E-04
   1.24359131E-03
   1.80816650E-03
   2.46429443E-03
   3.12042236E-03
   3.61633301E-03
   3.80706787E-03
   3.61633301E-03
   3.12042236E-03
   2.46429443E-03
   1.80816650E-03
   1.24359131E-03
   7.93457031E-04
   4.73022461E-04
   2.44140625E-04
   8.39233398E-05
   5.34057617E-05
   1.44958496E-04
   2.78472900E-04
   4.69207764E-04
   7.40051270E-04
   1.09863281E-03
   1.55639648E-03
   2.09808350E-03
   2.62451172E-03
   3.02124023E-03
   3.17382812E-03
   3.02124023E-03
   2.62451172E-03
   2.09808350E-03
   1.55639648E-03
   1.09863281E-03
   7.40051270E-04
   4.69207764E-04
   2.78472900E-04
   1.44958496E-04
   1.02996826E-04
   1.75476074E-04
   2.93731689E-04
   4.53948975E-04
   6.71386719E-04
   9.61303711E-04
   1.32751465E-03
   1.74713135E-03
   2.15911865E-03
   2.47955322E-03
   2.59399414E-03
   2.47955322E-03
   2.15911865E-03
   1.74713135E-03
   1.32751465E-03
   9.61303711E-04
   6.71386719E-04
   4.53948975E-04
   2.93731689E-04
   1.75476074E-04
   1.44958496E-04
   2.09808350E-04
   3.08990479E-04
   4.38690186E-04
   6.17980957E-04
   8.46862793E-04
   1.13677979E-03
   1.46484375E-03
   1.78527832E-03
   2.02941895E-03
   2.11334229E-03
   2.02941895E-03
   1.78527832E-03
   1.46484375E-03
   1.13677979E-03
   8.46862793E-04
   6.17980957E-04
   4.38690186E-04
   3.08990479E-04
   2.09808350E-04
   1.56402588E-04
   2.13623047E-04
   2.93731689E-04
   4.00543213E-04
   5.34057617E-04
   7.17163086E-04
   9.30786133E-04
   1.18255615E-03
   1.41906738E-03
   1.60217285E-03
   1.66320801E-03
   1.60217285E-03
   1.41906738E-03
   1.18255615E-03
   9.30786133E-04
   7.17163086E-04
   5.34057617E-04
   4.00543213E-04
   2.93731689E-04
   2.13623047E-04
   1.67846680E-04
   2.17437744E-04
   2.82287598E-04
   3.62396240E-04
   4.65393066E-04
   6.02722168E-04
   7.62939453E-04
   9.53674316E-04
   1.12915039E-03
   1.25885010E-03
   1.30462646E-03
   1.25885010E-03
   1.12915039E-03
   9.53674316E-04
   7.62939453E-04
   6.02722168E-04
   4.65393066E-04
   3.62396240E-04
   2.82287598E-04
   2.17437744E-04
   1.75476074E-04
   2.13623047E-04
   2.67028809E-04
   3.31878662E-04
   4.11987305E-04
   5.11169434E-04
   6.25610352E-04
   7.55310059E-04
   8.77380371E-04
   9.68933105E-04
   9.99450684E-04
   9.68933105E-04
   8.77380371E-04
   7.55310059E-04
   6.25610352E-04
   5.11169434E-04
   4.11987305E-04
   3.31878662E-04
   2.67028809E-04
   2.13623047E-04
   1.71661377E-04
   2.05993652E-04
   2.44140625E-04
   2.93731689E-04
   3.50952148E-04
   4.19616699E-04
   4.95910645E-04
   5.87463379E-04
   6.63757324E-04
   7.17163086E-04
   7.40051270E-04
   7.17163086E-04
   6.63757324E-04
   5.87463379E-04
   4.95910645E-04
   4.19616699E-04
   3.50952148E-04
   2.93731689E-04
   2.44140625E-04
   2.05993652E-04
