   39.9527702    
   45.7088585    
   52.4544907    
   60.2696075    
   69.1244125    
   78.7550430    
   88.4586792    
   96.7996140    
   101.368393    
   99.9046631    
   96.8103027    
   99.9046631    
   101.368393    
   96.7996140    
   88.4586792    
   78.7550430    
   69.1244125    
   60.2696075    
   52.4544907    
   45.7088585    
   38.5499535    
   43.9671898    
   50.2332993    
   57.3374252    
   65.0717545    
   72.7841034    
   78.7936783    
   78.6496048    
   57.4137611    
  -70.4239655    
  -733.265808    
  -70.4239655    
   57.4137611    
   78.6496048    
   78.7936783    
   72.7841034    
   65.0717545    
   57.3374252    
   50.2332993    
   43.9671898    
   38.2806625    
   43.6356544    
   49.8153305    
   56.7945938    
   64.3393173    
   71.7445679    
   77.2121964    
   75.9959869    
   52.3589325    
  -77.8406830    
  -604.737976    
  -77.8406830    
   52.3589325    
   75.9959869    
   77.2121964    
   71.7445679    
   64.3393173    
   56.7945938    
   49.8153305    
   43.6356544    
   38.0015259    
   43.2923203    
   49.3830490    
   56.2342529    
   63.5855026    
   70.6799469    
   75.6072464    
   73.3561401    
   47.6205368    
  -81.7720490    
  -495.310547    
  -81.7720490    
   47.6205368    
   73.3561401    
   75.6072464    
   70.6799469    
   63.5855026    
   56.2342529    
   49.3830490    
   43.2923203    
   37.6898689    
   42.9093552    
   48.9015160    
   55.6112785    
   62.7499466    
   69.5057602    
   73.8533325    
   70.5283661    
   42.8353806    
  -83.4826965    
  -406.244446    
  -83.4826965    
   42.8353806    
   70.5283661    
   73.8533325    
   69.5057602    
   62.7499466    
   55.6112785    
   48.9015160    
   42.9093552    
   37.3079720    
   42.4404602    
   48.3126144    
   54.8506737    
   61.7323875    
   68.0817947    
   71.7424240    
   67.1787109    
   37.4026337    
  -84.7675781    
  -337.464233    
  -84.7675781    
   37.4026337    
   67.1787109    
   71.7424240    
   68.0817947    
   61.7323875    
   54.8506737    
   48.3126144    
   42.4404602    
   36.8109131    
   41.8306351    
   47.5475197    
   53.8639984    
   60.4154320    
   66.2457199    
   69.0384521    
   62.9433708    
   30.7262955    
  -87.0940857    
  -286.876160    
  -87.0940857    
   30.7262955    
   62.9433708    
   69.0384521    
   66.2457199    
   60.4154320    
   53.8639984    
   47.5475197    
   41.8306351    
   36.1564293    
   41.0283928    
   46.5422668    
   52.5699463    
   58.6928864    
   63.8546333    
   65.5437775    
   57.5488243    
   22.4695892    
  -91.0146942    
  -250.830032    
  -91.0146942    
   22.4695892    
   57.5488243    
   65.5437775    
   63.8546333    
   58.6928864    
   52.5699463    
   46.5422668    
   41.0283928    
   35.3119316    
   39.9944954    
   45.2489204    
   50.9090614    
   56.4901237    
   60.8148766    
   61.1461906    
   50.8924065    
   12.6892929    
  -96.1428375    
  -225.178604    
  -96.1428375    
   12.6892929    
   50.8924065    
   61.1461906    
   60.8148766    
   56.4901237    
   50.9090614    
   45.2489204    
   39.9944954    
   34.2576027    
   38.7058334    
   43.6405563    
   48.8504105    
   53.7733002    
   57.0953407    
   55.8386536    
   43.0677795    
   1.82179260    
  -101.532547    
  -206.204025    
  -101.532547    
   1.82179260    
   43.0677795    
   55.8386536    
   57.0953407    
   53.7733002    
   48.8504105    
   43.6405563    
   38.7058334    
   32.9867592    
   37.1559067    
   41.7119141    
   46.3924255    
   50.5504379    
   52.7284508    
   49.7176437    
   34.3456955    
  -9.43817139    
  -106.144196    
  -191.080734    
  -106.144196    
  -9.43817139    
   34.3456955    
   49.7176437    
   52.7284508    
   50.5504379    
   46.3924255    
   41.7119141    
   37.1559067    
   31.5044479    
   35.3530960    
   39.4771767    
   43.5599365    
   46.8669701    
   47.8022728    
   42.9655075    
   25.1221466    
  -20.3103561    
  -109.181641    
  -177.936203    
  -109.181641    
  -20.3103561    
   25.1221466    
   42.9655075    
   47.8022728    
   46.8669701    
   43.5599365    
   39.4771767    
   35.3530960    
   29.8250885    
   33.3176842    
   36.9661179    
   40.3987961    
   42.7976837    
   42.4467697    
   35.8222618    
   15.8487396    
  -30.0949631    
  -110.232773    
  -165.691818    
  -110.232773    
  -30.0949631    
   15.8487396    
   35.8222618    
   42.4467697    
   42.7976837    
   40.3987961    
   36.9661179    
   33.3176842    
   27.9703407    
   31.0791721    
   34.2204514    
   36.9707260    
   38.4385605    
   36.8191986    
   28.5555496    
   6.96580505    
  -38.2817612    
  -109.243912    
  -153.826767    
  -109.243912    
  -38.2817612    
   6.96580505    
   28.5555496    
   36.8191986    
   38.4385605    
   36.9707260    
   34.2204514    
   31.0791721    
   25.9680634    
   28.6747646    
   31.2916317    
   33.3496552    
   33.9003410    
   31.0915604    
   21.4345016    
  -1.14766693    
  -44.5872574    
  -106.409561    
  -142.157364    
  -106.409561    
  -44.5872574    
  -1.14766693    
   21.4345016    
   31.0915604    
   33.9003410    
   33.3496552    
   31.2916317    
   28.6747646    
   23.8518906    
   26.1486263    
   28.2393818    
   29.6189766    
   29.3030281    
   25.4394646    
   14.7081299    
  -8.20505524    
  -48.9373856    
  -102.053757    
  -130.675079    
  -102.053757    
  -48.9373856    
  -8.20505524    
   14.7081299    
   25.4394646    
   29.3030281    
   29.6189766    
   28.2393818    
   26.1486263    
   21.6606026    
   23.5507355    
   25.1297016    
   25.8679428    
   24.7693405    
   20.0304070    
   8.58657074    
  -14.0266495    
  -51.4227676    
  -96.5417633    
  -119.448380    
  -96.5417633    
  -51.4227676    
  -14.0266495    
   8.58657074    
   20.0304070    
   24.7693405    
   25.8679428    
   25.1297016    
   23.5507355    
   19.4366608    
   20.9347496    
   22.0316124    
   22.1865578    
   20.4166374    
   15.0114746    
   3.22638702    
  -18.5400772    
  -52.2461777    
  -90.2270355    
  -108.570145    
  -90.2270355    
  -52.2461777    
  -18.5400772    
   3.22638702    
   15.0114746    
   20.4166374    
   22.1865578    
   22.0316124    
   20.9347496    
   17.2239208    
   18.3548698    
   19.0127869    
   18.6593933    
   16.3482742    
   10.4984589    
  -1.27797699    
  -21.7686691    
  -51.6735611    
  -83.4245300    
  -98.1323395    
  -83.4245300    
  -51.6735611    
  -21.7686691    
  -1.27797699    
   10.4984589    
   16.3482742    
   18.6593933    
   19.0127869    
   18.3548698    
   15.0649014    
   15.8623123    
   16.1348915    
   15.3595390    
   12.6461945    
   6.56864166    
  -4.89462280    
  -23.8107452    
  -49.9935226    
  -76.3997345    
  -88.2141876    
  -76.3997345    
  -49.9935226    
  -23.8107452    
  -4.89462280    
   6.56864166    
   12.6461945    
   15.3595390    
   16.1348915    
   15.8623123    
   12.9981308    
   13.5019951    
   13.4495735    
   12.3439140    
   9.36625671    
   3.25876617    
  -7.64719391    
  -24.8149719    
  -47.4876633    
  -69.3667603    
  -78.8772125    
  -69.3667603    
  -47.4876633    
  -24.8149719    
  -7.64719391    
   3.25876617    
   9.36625671    
   12.3439140    
   13.4495735    
   13.5019951    
   11.0560188    
   11.3101120    
   10.9957695    
   9.65075302    
   6.53713989    
  0.568153381    
  -9.60230255    
  -24.9556580    
  -44.4109573    
  -62.4906616    
  -70.1634521    
  -62.4906616    
  -44.4109573    
  -24.9556580    
  -9.60230255    
  0.568153381    
   6.53713989    
   9.65075302    
   10.9957695    
   11.3101120    
   9.26344681    
   9.31269073    
   8.79853439    
   7.29931641    
   4.16223907    
  -1.53462219    
  -10.8549576    
  -24.4124298    
  -40.9815598    
  -55.8927155    
  -62.0960388    
  -55.8927155    
  -40.9815598    
  -24.4124298    
  -10.8549576    
  -1.53462219    
   4.16223907    
   7.29931641    
   8.79853439    
   9.31269073    
   7.63720322    
   7.52530670    
   6.86938095    
   5.29156113    
   2.22394562    
  -3.10303497    
  -11.5145874    
  -23.3553772    
  -37.3774490    
  -49.6567993    
  -54.6813507    
  -49.6567993    
  -37.3774490    
  -23.3553772    
  -11.5145874    
  -3.10303497    
   2.22394562    
   5.29156113    
   6.86938095    
   7.52530670    
   6.18616867    
   5.95374680    
   5.20779800    
   3.61513901    
  0.689048767    
  -4.20392609    
  -11.6935120    
  -21.9360199    
  -33.7378159    
  -43.8362122    
  -47.9116821    
  -43.8362122    
  -33.7378159    
  -21.9360199    
  -11.6935120    
  -4.20392609    
  0.689048767    
   3.61513901    
   5.20779800    
   5.95374680    
   4.91210175    
   4.59534836    
   3.80350494    
   2.24705124    
 -0.485641479    
  -4.90968323    
  -11.4985809    
  -20.2828751    
  -30.1670914    
  -38.4598999    
  -41.7683105    
  -38.4598999    
  -30.1670914    
  -20.2828751    
  -11.4985809    
  -4.90968323    
 -0.485641479    
   2.24705124    
   3.80350494    
   4.59534836    
   3.81081390    
   3.44076157    
   2.63901901    
   1.15734100    
  -1.34825897    
  -5.29226685    
  -11.0258789    
  -18.5006104    
  -26.7400894    
  -33.5382385    
  -36.2242584    
  -33.5382385    
  -26.7400894    
  -18.5006104    
  -11.0258789    
  -5.29226685    
  -1.34825897    
   1.15734100    
   2.63901901    
   3.44076157    
   2.87347031    
   2.47573853    
   1.69210052    
  0.312328339    
  -1.94794464    
  -5.41912842    
  -10.3583145    
  -16.6715851    
  -23.5077133    
  -29.0680542    
  -31.2472076    
  -29.0680542    
  -23.5077133    
  -16.6715851    
  -10.3583145    
  -5.41912842    
  -1.94794464    
  0.312328339    
   1.69210052    
   2.47573853    
   2.08797073    
   1.68289948    
  0.938011169    
 -0.322654724    
  -2.33181763    
  -5.35059357    
  -9.56474304    
  -14.8582077    
  -20.5017929    
  -25.0363770    
  -26.8013306    
  -25.0363770    
  -20.5017929    
  -14.8582077    
  -9.56474304    
  -5.35059357    
  -2.33181763    
 -0.322654724    
  0.938011169    
   1.68289948    
   1.44021225    
   1.04327011    
  0.351325989    
 -0.781261444    
  -2.54307556    
  -5.13874817    
  -8.70065308    
  -13.1060944    
  -17.7395859    
  -21.4236145    
  -22.8491211    
  -21.4236145    
  -17.7395859    
  -13.1060944    
  -8.70065308    
  -5.13874817    
  -2.54307556    
 -0.781261444    
  0.351325989    
   1.04327011    
  0.915065765    
  0.537452698    
  -9.27848816E-02
  -1.09484100    
  -2.61999512    
  -4.82723999    
  -7.80941772    
  -11.4470673    
  -15.2275467    
  -18.2059937    
  -19.3526917    
  -18.2059937    
  -15.2275467    
  -11.4470673    
  -7.80941772    
  -4.82723999    
  -2.61999512    
  -1.09484100    
  -9.27848816E-02
  0.537452698    
  0.497249603    
  0.146530151    
 -0.417625427    
  -1.29161072    
  -2.59551239    
  -4.45167542    
  -6.92393494    
  -9.90195465    
  -12.9640732    
  -15.3572998    
  -16.2746582    
  -15.3572998    
  -12.9640732    
  -9.90195465    
  -6.92393494    
  -4.45167542    
  -2.59551239    
  -1.29161072    
 -0.417625427    
  0.146530151    
  0.171932220    
 -0.147296906    
 -0.644405365    
  -1.39634323    
  -2.49729919    
  -4.04037476    
  -6.06832123    
  -8.48300171    
  -10.9420013    
  -12.8501282    
  -13.5787354    
  -12.8501282    
  -10.9420013    
  -8.48300171    
  -6.06832123    
  -4.04037476    
  -2.49729919    
  -1.39634323    
 -0.644405365    
 -0.147296906    
  -7.48062134E-02
 -0.360294342    
 -0.791912079    
  -1.43021393    
  -2.34803009    
  -3.61521149    
  -5.25936890    
  -7.19577026    
  -9.15010071    
  -10.6567535    
  -11.2300568    
  -10.6567535    
  -9.15010071    
  -7.19577026    
  -5.25936890    
  -3.61521149    
  -2.34803009    
  -1.43021393    
 -0.791912079    
 -0.360294342    
 -0.255779266    
 -0.507068634    
 -0.876560211    
  -1.41108322    
  -2.16600800    
  -3.19276428    
  -4.50817871    
  -6.04095459    
  -7.57471466    
  -8.74987793    
  -9.19558716    
  -8.74987793    
  -7.57471466    
  -6.04095459    
  -4.50817871    
  -3.19276428    
  -2.16600800    
  -1.41108322    
 -0.876560211    
 -0.507068634    
 -0.382499695    
 -0.600448608    
 -0.912357330    
  -1.35369110    
  -1.96560669    
  -2.78505707    
  -3.82125092    
  -5.01564026    
  -6.20057678    
  -7.10298157    
  -7.44416809    
  -7.10298157    
  -6.20057678    
  -5.01564026    
  -3.82125092    
  -2.78505707    
  -1.96560669    
  -1.35369110    
 -0.912357330    
 -0.600448608    
 -0.465156555    
 -0.651531219    
 -0.911098480    
  -1.26999283    
  -1.75790405    
  -2.40045166    
  -3.20154572    
  -4.11425018    
  -5.01153564    
  -5.69057465    
  -5.94647217    
  -5.69057465    
  -5.01153564    
  -4.11425018    
  -3.20154572    
  -2.40045166    
  -1.75790405    
  -1.26999283    
 -0.911098480    
 -0.651531219    
 -0.512619019    
 -0.669776917    
 -0.882572174    
  -1.16954041    
  -1.55120850    
  -2.04435730    
  -2.64931488    
  -3.32942200    
  -3.99114990    
  -4.48835754    
  -4.67504883    
  -4.48835754    
  -3.99114990    
  -3.32942200    
  -2.64931488    
  -2.04435730    
  -1.55120850    
  -1.16954041    
 -0.882572174    
 -0.669776917    
 -0.532546997    
 -0.663196564    
 -0.834823608    
  -1.05986404    
  -1.35158539    
  -1.71997070    
  -2.16295624    
  -2.65277863    
  -3.12322998    
  -3.47357941    
  -3.60453796    
  -3.47357941    
  -3.12322998    
  -2.65277863    
  -2.16295624    
  -1.71997070    
  -1.35158539    
  -1.05986404    
 -0.834823608    
 -0.663196564    
 -0.531417847    
 -0.638420105    
 -0.774322510    
 -0.946727753    
  -1.16323853    
  -1.42864227    
  -1.73938751    
  -2.07518768    
  -2.39190674    
  -2.62480164    
  -2.71128845    
  -2.62480164    
  -2.39190674    
  -2.07518768    
  -1.73938751    
  -1.42864227    
  -1.16323853    
 -0.946727753    
 -0.774322510    
 -0.638420105    
 -0.514686584    
 -0.600902557    
 -0.706226349    
 -0.834480286    
 -0.988899231    
  -1.17041779    
  -1.37455750    
  -1.58730316    
  -1.78198242    
  -1.92208099    
  -1.97351837    
  -1.92208099    
  -1.78198242    
  -1.58730316    
  -1.37455750    
  -1.17041779    
 -0.988899231    
 -0.834480286    
 -0.706226349    
 -0.600902557    
 -0.486858368    
 -0.555061340    
 -0.634555817    
 -0.726276398    
 -0.830177307    
 -0.944343567    
  -1.06385040    
  -1.17974854    
  -1.27905273    
  -1.34695435    
  -1.37119293    
  -1.34695435    
  -1.27905273    
  -1.17974854    
  -1.06385040    
 -0.944343567    
 -0.830177307    
 -0.726276398    
 -0.634555817    
 -0.555061340    
 -0.451625824    
 -0.504432678    
 -0.562412262    
 -0.624347687    
 -0.687782288    
 -0.748809814    
 -0.802337646    
 -0.843452454    
 -0.869659424    
 -0.882507324    
 -0.886054993    
 -0.882507324    
 -0.869659424    
 -0.843452454    
 -0.802337646    
 -0.748809814    
 -0.687782288    
 -0.624347687    
 -0.562412262    
 -0.504432678    
 -0.411926270    
 -0.451740265    
 -0.492046356    
 -0.530082703    
 -0.561706543    
 -0.581642151    
 -0.584877014    
 -0.569641113    
 -0.541229248    
 -0.513168335    
 -0.501388550    
 -0.513168335    
 -0.541229248    
 -0.569641113    
 -0.584877014    
 -0.581642151    
 -0.561706543    
 -0.530082703    
 -0.492046356    
 -0.451740265    
 -0.370098114    
 -0.399097443    
 -0.425121307    
 -0.444343567    
 -0.451499939    
 -0.440483093    
 -0.406494141    
 -0.350135803    
 -0.282295227    
 -0.224922180    
 -0.202201843    
 -0.224922180    
 -0.282295227    
 -0.350135803    
 -0.406494141    
 -0.440483093    
 -0.451499939    
 -0.444343567    
 -0.425121307    
 -0.399097443    
 -0.327964783    
 -0.348094940    
 -0.362770081    
 -0.367507935    
 -0.356369019    
 -0.322822571    
 -0.262367249    
 -0.177345276    
  -8.24432373E-02
  -5.16510010E-03
   2.49481201E-02
  -5.16510010E-03
  -8.24432373E-02
 -0.177345276    
 -0.262367249    
 -0.322822571    
 -0.356369019    
 -0.367507935    
 -0.362770081    
 -0.348094940    
 -0.286842346    
 -0.299804688    
 -0.305648804    
 -0.299537659    
 -0.275215149    
 -0.226028442    
 -0.147834778    
  -4.42047119E-02
   6.78405762E-02
  0.157501221    
  0.192169189    
  0.157501221    
   6.78405762E-02
  -4.42047119E-02
 -0.147834778    
 -0.226028442    
 -0.275215149    
 -0.299537659    
 -0.305648804    
 -0.299804688    
 -0.247726440    
 -0.255001068    
 -0.254146576    
 -0.240207672    
 -0.206878662    
 -0.147636414    
  -5.87005615E-02
   5.55648804E-02
  0.176895142    
  0.273010254    
  0.310005188    
  0.273010254    
  0.176895142    
   5.55648804E-02
  -5.87005615E-02
 -0.147636414    
 -0.206878662    
 -0.240207672    
 -0.254146576    
 -0.255001068    
 -0.211261749    
 -0.214115143    
 -0.208335876    
 -0.189037323    
 -0.150070190    
  -8.51898193E-02
   8.98742676E-03
  0.127677917    
  0.252220154    
  0.350212097    
  0.387809753    
  0.350212097    
  0.252220154    
  0.127677917    
   8.98742676E-03
  -8.51898193E-02
 -0.150070190    
 -0.189037323    
 -0.208335876    
 -0.214115143    
 -0.177871704    
 -0.177371979    
 -0.168132782    
 -0.145462036    
 -0.103515625    
  -3.64303589E-02
   5.87768555E-02
  0.177124023    
  0.300270081    
  0.396697998    
  0.433609009    
  0.396697998    
  0.300270081    
  0.177124023    
   5.87768555E-02
  -3.64303589E-02
 -0.103515625    
 -0.145462036    
 -0.168132782    
 -0.177371979    
 -0.147762299    
 -0.144802094    
 -0.133285522    
 -0.108814240    
  -6.59408569E-02
   7.32421875E-04
   9.38034058E-02
  0.208305359    
  0.326705933    
  0.419044495    
  0.454338074    
  0.419044495    
  0.326705933    
  0.208305359    
   9.38034058E-02
   7.32421875E-04
  -6.59408569E-02
 -0.108814240    
 -0.133285522    
 -0.144802094    
 -0.121006012    
 -0.116313934    
 -0.103473663    
  -7.84149170E-02
  -3.61633301E-02
   2.81677246E-02
  0.116828918    
  0.225028992    
  0.336311340    
  0.422843933    
  0.455856323    
  0.422843933    
  0.336311340    
  0.225028992    
  0.116828918    
   2.81677246E-02
  -3.61633301E-02
  -7.84149170E-02
 -0.103473663    
 -0.116313934    
  -9.75341797E-02
  -9.17129517E-02
  -7.82814026E-02
  -5.35583496E-02
  -1.30538940E-02
   4.75921631E-02
  0.130294800    
  0.230529785    
  0.333175659    
  0.412780762    
  0.443115234    
  0.412780762    
  0.333175659    
  0.230529785    
  0.130294800    
   4.75921631E-02
  -1.30538940E-02
  -5.35583496E-02
  -7.82814026E-02
  -9.17129517E-02
  -7.72171021E-02
  -7.07321167E-02
  -5.72738647E-02
  -3.35540771E-02
   4.41741943E-03
   6.04934692E-02
  0.136268616    
  0.227577209    
  0.320709229    
  0.392768860    
  0.420196533    
  0.392768860    
  0.320709229    
  0.227577209    
  0.136268616    
   6.04934692E-02
   4.41741943E-03
  -3.35540771E-02
  -5.72738647E-02
  -7.07321167E-02
  -5.98373413E-02
  -5.30624390E-02
  -3.99971008E-02
  -1.77421570E-02
   1.72119141E-02
   6.81915283E-02
  0.136543274    
  0.218460083    
  0.301727295    
  0.366012573    
  0.390457153    
  0.366012573    
  0.301727295    
  0.218460083    
  0.136543274    
   6.81915283E-02
   1.72119141E-02
  -1.77421570E-02
  -3.99971008E-02
  -5.30624390E-02
  -4.51774597E-02
  -3.83987427E-02
  -2.60200500E-02
  -5.52368164E-03
   2.61230469E-02
   7.17849731E-02
  0.132560730    
  0.205032349    
  0.278465271    
  0.335044861    
  0.356536865    
  0.335044861    
  0.278465271    
  0.205032349    
  0.132560730    
   7.17849731E-02
   2.61230469E-02
  -5.52368164E-03
  -2.60200500E-02
  -3.83987427E-02
  -3.29627991E-02
  -2.63862610E-02
  -1.48925781E-02
   3.67736816E-03
   3.19137573E-02
   7.22579956E-02
  0.125572205    
  0.188865662    
  0.252784729    
  0.301940918    
  0.320594788    
  0.301940918    
  0.252784729    
  0.188865662    
  0.125572205    
   7.22579956E-02
   3.19137573E-02
   3.67736816E-03
  -1.48925781E-02
  -2.63862610E-02
  -2.29339600E-02
  -1.67045593E-02
  -6.21414185E-03
   1.03683472E-02
   3.52249146E-02
   7.03964233E-02
  0.116577148    
  0.171142578    
  0.226074219    
  0.268241882    
  0.284233093    
  0.268241882    
  0.226074219    
  0.171142578    
  0.116577148    
   7.03964233E-02
   3.52249146E-02
   1.03683472E-02
  -6.21414185E-03
  -1.67045593E-02
  -1.48124695E-02
  -9.03320312E-03
   4.00543213E-04
   1.50032043E-02
   3.66134644E-02
   6.68945312E-02
  0.106391907    
  0.152839661    
  0.199462891    
  0.235176086    
  0.248703003    
  0.235176086    
  0.199462891    
  0.152839661    
  0.106391907    
   6.68945312E-02
   3.66134644E-02
   1.50032043E-02
   4.00543213E-04
  -9.03320312E-03
  -8.36181641E-03
  -3.08609009E-03
   5.26809692E-03
   1.79672241E-02
   3.65066528E-02
   6.22482300E-02
   9.56039429E-02
  0.134635925    
  0.173683167    
  0.203536987    
  0.214828491    
  0.203536987    
  0.173683167    
  0.134635925    
   9.56039429E-02
   6.22482300E-02
   3.65066528E-02
   1.79672241E-02
   5.26809692E-03
  -3.08609009E-03
  -3.34167480E-03
   1.39999390E-03
   8.70895386E-03
   1.96113586E-02
   3.53240967E-02
   5.69229126E-02
   8.47167969E-02
  0.117073059    
  0.149330139    
  0.173934937    
  0.183235168    
  0.173934937    
  0.149330139    
  0.117073059    
   8.47167969E-02
   5.69229126E-02
   3.53240967E-02
   1.96113586E-02
   8.70895386E-03
   1.39999390E-03
   4.61578369E-04
   4.66156006E-03
   1.09748840E-02
   2.02178955E-02
   3.33557129E-02
   5.12390137E-02
   7.40661621E-02
  0.100509644    
  0.126754761    
  0.146728516    
  0.154273987    
  0.146728516    
  0.126754761    
  0.100509644    
   7.40661621E-02
   5.12390137E-02
   3.33557129E-02
   2.02178955E-02
   1.09748840E-02
   4.66156006E-03
   3.25775146E-03
   6.92749023E-03
   1.23138428E-02
   2.00462341E-02
   3.08837891E-02
   4.54711914E-02
   6.39343262E-02
   8.51821899E-02
  0.106193542    
  0.122138977    
  0.128143311    
  0.122138977    
  0.106193542    
   8.51821899E-02
   6.39343262E-02
   4.54711914E-02
   3.08837891E-02
   2.00462341E-02
   1.23138428E-02
   6.92749023E-03
   5.22232056E-03
   8.38851929E-03
   1.29241943E-02
   1.93061829E-02
   2.81066895E-02
   3.98178101E-02
   5.44967651E-02
   7.12661743E-02
   8.77609253E-02
  0.100242615    
  0.104934692    
  0.100242615    
   8.77609253E-02
   7.12661743E-02
   5.44967651E-02
   3.98178101E-02
   2.81066895E-02
   1.93061829E-02
   1.29241943E-02
   8.38851929E-03
   6.52313232E-03
   9.22393799E-03
   1.29890442E-02
   1.81808472E-02
   2.52151489E-02
   3.44390869E-02
   4.58755493E-02
   5.88226318E-02
   7.14874268E-02
   8.10165405E-02
   8.45947266E-02
   8.10165405E-02
   7.14874268E-02
   5.88226318E-02
   4.58755493E-02
   3.44390869E-02
   2.52151489E-02
   1.81808472E-02
   1.29890442E-02
   9.22393799E-03
   7.27844238E-03
   9.55200195E-03
   1.26342773E-02
   1.67884827E-02
   2.23007202E-02
   2.94036865E-02
   3.80859375E-02
   4.78210449E-02
   5.72509766E-02
   6.43157959E-02
   6.69631958E-02
   6.43157959E-02
   5.72509766E-02
   4.78210449E-02
   3.80859375E-02
   2.94036865E-02
   2.23007202E-02
   1.67884827E-02
   1.26342773E-02
   9.55200195E-03
   7.61413574E-03
   9.50241089E-03
   1.19895935E-02
   1.52473450E-02
   1.94625854E-02
   2.47879028E-02
   3.11737061E-02
   3.82308960E-02
   4.49905396E-02
   5.00183105E-02
   5.18875122E-02
   5.00183105E-02
   4.49905396E-02
   3.82308960E-02
   3.11737061E-02
   2.47879028E-02
   1.94625854E-02
   1.52473450E-02
   1.19895935E-02
   9.50241089E-03
   7.62939453E-03
   9.17434692E-03
   1.11465454E-02
   1.36413574E-02
   1.67770386E-02
   2.06222534E-02
   2.51159668E-02
   2.99758911E-02
   3.45611572E-02
   3.79257202E-02
   3.91693115E-02
   3.79257202E-02
   3.45611572E-02
   2.99758911E-02
   2.51159668E-02
   2.06222534E-02
   1.67770386E-02
   1.36413574E-02
   1.11465454E-02
   9.17434692E-03
   7.40432739E-03
   8.65173340E-03
   1.01776123E-02
   1.20353699E-02
   1.42745972E-02
   1.69067383E-02
   1.98669434E-02
   2.29568481E-02
   2.57873535E-02
   2.78244019E-02
   2.85720825E-02
   2.78244019E-02
   2.57873535E-02
   2.29568481E-02
   1.98669434E-02
   1.69067383E-02
   1.42745972E-02
   1.20353699E-02
   1.01776123E-02
   8.65173340E-03
   7.01522827E-03
   8.00323486E-03
   9.15527344E-03
   1.04827881E-02
   1.19934082E-02
   1.36489868E-02
   1.53884888E-02
   1.70745850E-02
   1.85317993E-02
   1.95236206E-02
   1.98745728E-02
   1.95236206E-02
   1.85317993E-02
   1.70745850E-02
   1.53884888E-02
   1.36489868E-02
   1.19934082E-02
   1.04827881E-02
   9.15527344E-03
   8.00323486E-03
   6.51168823E-03
   7.27844238E-03
   8.12149048E-03
   9.02175903E-03
   9.94873047E-03
   1.08413696E-02
   1.16195679E-02
   1.22222900E-02
   1.26113892E-02
   1.28021240E-02
   1.28555298E-02
   1.28021240E-02
   1.26113892E-02
   1.22222900E-02
   1.16195679E-02
   1.08413696E-02
   9.94873047E-03
   9.02175903E-03
   8.12149048E-03
   7.27844238E-03
   5.94329834E-03
   6.51931763E-03
   7.11059570E-03
   7.66372681E-03
   8.12530518E-03
   8.42285156E-03
   8.46862793E-03
   8.24737549E-03
   7.84301758E-03
   7.43865967E-03
   7.26318359E-03
   7.43865967E-03
   7.84301758E-03
   8.24737549E-03
   8.46862793E-03
   8.42285156E-03
   8.12530518E-03
   7.66372681E-03
   7.11059570E-03
   6.51931763E-03
   5.34439087E-03
   5.76782227E-03
   6.15310669E-03
   6.43539429E-03
   6.53839111E-03
   6.38580322E-03
   5.89752197E-03
   5.08117676E-03
   4.09698486E-03
   3.25775146E-03
   2.92968750E-03
   3.25775146E-03
   4.09698486E-03
   5.08117676E-03
   5.89752197E-03
   6.38580322E-03
   6.53839111E-03
   6.43539429E-03
   6.15310669E-03
   5.76782227E-03
   4.74166870E-03
   5.03540039E-03
   5.25283813E-03
   5.32531738E-03
   5.17272949E-03
   4.68444824E-03
   3.80706787E-03
   2.57110596E-03
   1.19018555E-03
   6.86645508E-05
  -3.73840332E-04
   6.86645508E-05
   1.19018555E-03
   2.57110596E-03
   3.80706787E-03
   4.68444824E-03
   5.17272949E-03
   5.32531738E-03
   5.25283813E-03
   5.03540039E-03
   4.14657593E-03
   4.33731079E-03
   4.43267822E-03
   4.34494019E-03
   3.99780273E-03
   3.28826904E-03
   2.15148926E-03
   6.48498535E-04
  -9.84191895E-04
  -2.29644775E-03
  -2.79998779E-03
  -2.29644775E-03
  -9.84191895E-04
   6.48498535E-04
   2.15148926E-03
   3.28826904E-03
   3.99780273E-03
   4.34494019E-03
   4.43267822E-03
   4.33731079E-03
   3.57818604E-03
   3.68499756E-03
   3.68118286E-03
   3.48281860E-03
   3.00598145E-03
   2.15148926E-03
   8.54492188E-04
  -8.08715820E-04
  -2.57110596E-03
  -3.97491455E-03
  -4.51660156E-03
  -3.97491455E-03
  -2.57110596E-03
  -8.08715820E-04
   8.54492188E-04
   2.15148926E-03
   3.00598145E-03
   3.48281860E-03
   3.68118286E-03
   3.68499756E-03
   3.04794312E-03
   3.08990479E-03
   3.01361084E-03
   2.73895264E-03
   2.17437744E-03
   1.23596191E-03
  -1.29699707E-04
  -1.86157227E-03
  -3.67736816E-03
  -5.11169434E-03
  -5.66101074E-03
  -5.11169434E-03
  -3.67736816E-03
  -1.86157227E-03
  -1.29699707E-04
   1.23596191E-03
   2.17437744E-03
   2.73895264E-03
   3.01361084E-03
   3.08990479E-03
   2.56729126E-03
   2.56347656E-03
   2.43759155E-03
   2.11334229E-03
   1.50299072E-03
   5.34057617E-04
  -8.46862793E-04
  -2.56347656E-03
  -4.35638428E-03
  -5.76019287E-03
  -6.30187988E-03
  -5.76019287E-03
  -4.35638428E-03
  -2.56347656E-03
  -8.46862793E-04
   5.34057617E-04
   1.50299072E-03
   2.11334229E-03
   2.43759155E-03
   2.56347656E-03
   2.13241577E-03
   2.09045410E-03
   1.93023682E-03
   1.57928467E-03
   9.61303711E-04
  -7.62939453E-06
  -1.35803223E-03
  -3.01361084E-03
  -4.73785400E-03
  -6.08062744E-03
  -6.59942627E-03
  -6.08062744E-03
  -4.73785400E-03
  -3.01361084E-03
  -1.35803223E-03
  -7.62939453E-06
   9.61303711E-04
   1.57928467E-03
   1.93023682E-03
   2.09045410E-03
   1.74331665E-03
   1.67465210E-03
   1.49536133E-03
   1.13296509E-03
   5.26428223E-04
  -4.04357910E-04
  -1.69372559E-03
  -3.26538086E-03
  -4.88281250E-03
  -6.14166260E-03
  -6.62994385E-03
  -6.14166260E-03
  -4.88281250E-03
  -3.26538086E-03
  -1.69372559E-03
  -4.04357910E-04
   5.26428223E-04
   1.13296509E-03
   1.49536133E-03
   1.67465210E-03
   1.40380859E-03
   1.31988525E-03
   1.13296509E-03
   7.78198242E-04
   1.90734863E-04
  -6.79016113E-04
  -1.88446045E-03
  -3.34167480E-03
  -4.82940674E-03
  -5.98907471E-03
  -6.43157959E-03
  -5.98907471E-03
  -4.82940674E-03
  -3.34167480E-03
  -1.88446045E-03
  -6.79016113E-04
   1.90734863E-04
   7.78198242E-04
   1.13296509E-03
   1.31988525E-03
   1.11007690E-03
   1.01852417E-03
   8.27789307E-04
   4.88281250E-04
  -6.10351562E-05
  -8.69750977E-04
  -1.96838379E-03
  -3.29589844E-03
  -4.64630127E-03
  -5.69152832E-03
  -6.09588623E-03
  -5.69152832E-03
  -4.64630127E-03
  -3.29589844E-03
  -1.96838379E-03
  -8.69750977E-04
  -6.10351562E-05
   4.88281250E-04
   8.27789307E-04
   1.01852417E-03
   8.62121582E-04
   7.62939453E-04
   5.79833984E-04
   2.59399414E-04
  -2.44140625E-04
  -9.76562500E-04
  -1.96838379E-03
  -3.15856934E-03
  -4.36401367E-03
  -5.29479980E-03
  -5.65338135E-03
  -5.29479980E-03
  -4.36401367E-03
  -3.15856934E-03
  -1.96838379E-03
  -9.76562500E-04
  -2.44140625E-04
   2.59399414E-04
   5.79833984E-04
   7.62939453E-04
   6.48498535E-04
   5.53131104E-04
   3.81469727E-04
   8.39233398E-05
  -3.73840332E-04
  -1.02996826E-03
  -1.90734863E-03
  -2.96020508E-03
  -4.02069092E-03
  -4.84466553E-03
  -5.15747070E-03
  -4.84466553E-03
  -4.02069092E-03
  -2.96020508E-03
  -1.90734863E-03
  -1.02996826E-03
  -3.73840332E-04
   8.39233398E-05
   3.81469727E-04
   5.53131104E-04
   4.73022461E-04
   3.77655029E-04
   2.17437744E-04
  -4.95910645E-05
  -4.57763672E-04
  -1.03759766E-03
  -1.81579590E-03
  -2.72369385E-03
  -3.64685059E-03
  -4.35638428E-03
  -4.63104248E-03
  -4.35638428E-03
  -3.64685059E-03
  -2.72369385E-03
  -1.81579590E-03
  -1.03759766E-03
  -4.57763672E-04
  -4.95910645E-05
   2.17437744E-04
   3.77655029E-04
   3.39508057E-04
   2.51770020E-04
   1.02996826E-04
  -1.33514404E-04
  -4.88281250E-04
  -9.91821289E-04
  -1.66320801E-03
  -2.44903564E-03
  -3.23486328E-03
  -3.84521484E-03
  -4.08172607E-03
  -3.84521484E-03
  -3.23486328E-03
  -2.44903564E-03
  -1.66320801E-03
  -9.91821289E-04
  -4.88281250E-04
  -1.33514404E-04
   1.02996826E-04
   2.51770020E-04
   2.13623047E-04
   1.33514404E-04
   3.81469727E-06
  -2.05993652E-04
  -5.18798828E-04
  -9.53674316E-04
  -1.52587891E-03
  -2.19726562E-03
  -2.86865234E-03
  -3.38745117E-03
  -3.58581543E-03
  -3.38745117E-03
  -2.86865234E-03
  -2.19726562E-03
  -1.52587891E-03
  -9.53674316E-04
  -5.18798828E-04
  -2.05993652E-04
   3.81469727E-06
   1.33514404E-04
   1.25885010E-04
   5.34057617E-05
  -6.10351562E-05
  -2.44140625E-04
  -5.11169434E-04
  -8.77380371E-04
  -1.36566162E-03
  -1.92260742E-03
  -2.48718262E-03
  -2.92205811E-03
  -3.08990479E-03
  -2.92205811E-03
  -2.48718262E-03
  -1.92260742E-03
  -1.36566162E-03
  -8.77380371E-04
  -5.11169434E-04
  -2.44140625E-04
  -6.10351562E-05
   5.34057617E-05
   6.10351562E-05
  -7.62939453E-06
  -1.06811523E-04
  -2.59399414E-04
  -4.88281250E-04
  -7.93457031E-04
  -1.19781494E-03
  -1.65557861E-03
  -2.12097168E-03
  -2.47955322E-03
  -2.61688232E-03
  -2.47955322E-03
  -2.12097168E-03
  -1.65557861E-03
  -1.19781494E-03
  -7.93457031E-04
  -4.88281250E-04
  -2.59399414E-04
  -1.06811523E-04
  -7.62939453E-06
   0.00000000    
  -5.72204590E-05
  -1.44958496E-04
  -2.74658203E-04
  -4.65393066E-04
  -7.24792480E-04
  -1.05285645E-03
  -1.44195557E-03
  -1.82342529E-03
  -2.11334229E-03
  -2.22778320E-03
  -2.11334229E-03
  -1.82342529E-03
  -1.44195557E-03
  -1.05285645E-03
  -7.24792480E-04
  -4.65393066E-04
  -2.74658203E-04
  -1.44958496E-04
  -5.72204590E-05
  -4.19616699E-05
  -9.15527344E-05
  -1.64031982E-04
  -2.74658203E-04
  -4.34875488E-04
  -6.40869141E-04
  -9.15527344E-04
  -1.22070312E-03
  -1.52587891E-03
  -1.75476074E-03
  -1.84631348E-03
  -1.75476074E-03
  -1.52587891E-03
  -1.22070312E-03
  -9.15527344E-04
  -6.40869141E-04
  -4.34875488E-04
  -2.74658203E-04
  -1.64031982E-04
  -9.15527344E-05
  -7.62939453E-05
  -1.25885010E-04
  -1.86920166E-04
  -2.78472900E-04
  -4.11987305E-04
  -5.79833984E-04
  -8.01086426E-04
  -1.03759766E-03
  -1.28173828E-03
  -1.46484375E-03
  -1.53350830E-03
  -1.46484375E-03
  -1.28173828E-03
  -1.03759766E-03
  -8.01086426E-04
  -5.79833984E-04
  -4.11987305E-04
  -2.78472900E-04
  -1.86920166E-04
  -1.25885010E-04
  -9.91821289E-05
  -1.37329102E-04
  -1.86920166E-04
  -2.63214111E-04
  -3.66210938E-04
  -5.03540039E-04
  -6.71386719E-04
  -8.69750977E-04
  -1.05285645E-03
  -1.19781494E-03
  -1.25122070E-03
  -1.19781494E-03
  -1.05285645E-03
  -8.69750977E-04
  -6.71386719E-04
  -5.03540039E-04
  -3.66210938E-04
  -2.63214111E-04
  -1.86920166E-04
  -1.37329102E-04
  -1.06811523E-04
  -1.41143799E-04
  -1.79290771E-04
  -2.40325928E-04
  -3.20434570E-04
  -4.27246094E-04
  -5.56945801E-04
  -6.94274902E-04
  -8.31604004E-04
  -9.30786133E-04
  -9.76562500E-04
  -9.30786133E-04
  -8.31604004E-04
  -6.94274902E-04
  -5.56945801E-04
  -4.27246094E-04
  -3.20434570E-04
  -2.40325928E-04
  -1.79290771E-04
  -1.41143799E-04
