   10000.0000    
   10000.0000    
   5000.00000    
   2500.00000    
   1250.00000    
   625.000000    
   312.500000    
   156.250000    
   78.1250000    
   39.0625000    
   19.5312500    
   9.76562500    
   4.88281250    
   2.44140625    
   1.22070312    
  0.610351562    
  0.305175781    
  0.152587891    
   7.62939453E-02
   3.81469727E-02
   1.90734863E-02
   9.53674316E-03
   4.76837158E-03
   2.38418579E-03
   1.19209290E-03
   5.96046448E-04
   2.98023224E-04
   1.49011612E-04
   7.45058060E-05
   3.72529030E-05
   1.86264515E-05
   9.31322575E-06
   4.65661287E-06
   2.32830644E-06
   1.16415322E-06
   5.82076609E-07
   2.91038305E-07
   1.45519152E-07
   7.27595761E-08
   3.63797881E-08
   1.81898940E-08
   9.09494702E-09
   4.54747351E-09
   2.27373675E-09
   1.13686838E-09
   5.68434189E-10
   2.84217094E-10
   1.42108547E-10
   7.10542736E-11
   3.55271368E-11
   1.77635684E-11
   8.88178420E-12
   4.44089210E-12
   2.22044605E-12
   1.11022302E-12
   5.55111512E-13
   2.77555756E-13
   1.38777878E-13
   6.93889390E-14
   3.46944695E-14
   1.73472348E-14
   8.67361738E-15
   4.33680869E-15
   2.16840434E-15
   1.08420217E-15
   5.42101086E-16
   2.71050543E-16
   1.35525272E-16
   6.77626358E-17
   3.38813179E-17
   1.69406589E-17
   8.47032947E-18
   4.23516474E-18
   2.11758237E-18
   1.05879118E-18
   5.29395592E-19
   2.64697796E-19
   1.32348898E-19
   6.61744490E-20
   3.30872245E-20
   1.65436123E-20
   8.27180613E-21
   4.13590306E-21
   2.06795153E-21
   1.03397577E-21
   5.16987883E-22
   2.58493941E-22
   1.29246971E-22
   6.46234854E-23
   3.23117427E-23
   1.61558713E-23
   8.07793567E-24
   4.03896783E-24
   2.01948392E-24
   1.00974196E-24
   5.04870979E-25
   2.52435490E-25
   1.26217745E-25
   6.31088724E-26
   3.15544362E-26
   1.57772181E-26
   7.88860905E-27
   3.94430453E-27
   1.97215226E-27
   9.86076132E-28
   4.93038066E-28
   2.46519033E-28
   1.23259516E-28
   6.16297582E-29
   3.08148791E-29
   1.54074396E-29
   7.70371978E-30
   3.85185989E-30
   1.92592994E-30
   9.62964972E-31
   4.81482486E-31
   2.40741243E-31
   1.20370622E-31
   6.01853108E-32
   3.00926554E-32
   1.50463277E-32
   7.52316385E-33
   3.76158192E-33
   1.88079096E-33
   9.40395481E-34
   4.70197740E-34
   2.35098870E-34
   1.17549435E-34
   5.87747175E-35
   2.93873588E-35
   1.46936794E-35
   7.34683969E-36
   3.67341985E-36
   1.83670992E-36
   9.18354962E-37
   4.59177481E-37
   2.29588740E-37
   1.14794370E-37
   5.73971851E-38
   2.86985925E-38
   1.43492963E-38
   7.17464814E-39
   3.58732407E-39
   1.79366203E-39
   8.96831017E-40
   4.48415509E-40
   2.24207754E-40
   1.12103877E-40
   5.60519386E-41
   2.80259693E-41
   1.40129846E-41
   7.00649232E-42
   3.50324616E-42
   1.75162308E-42
   8.75811540E-43
   4.37205121E-43
   2.18602560E-43
   1.09301280E-43
   5.46506401E-44
   2.80259693E-44
   1.40129846E-44
   7.00649232E-45
   2.80259693E-45
   1.40129846E-45
   0.00000000    
   0.00000000    
   0.00000000    
   0.00000000    
   0.00000000    
   0.00000000    
   0.00000000    
   0.00000000    
   0.00000000    
   0.00000000    
   0.00000000    
   0.00000000    
   0.00000000    
   0.00000000    
   0.00000000    
   0.00000000    
   0.00000000    
   0.00000000    
   0.00000000    
   0.00000000    
   0.00000000    
   0.00000000    
   0.00000000    
   0.00000000    
   0.00000000    
   0.00000000    
   0.00000000    
   0.00000000    
   0.00000000    
   0.00000000    
   0.00000000    
   0.00000000    
   0.00000000    
   0.00000000    
   0.00000000    
   0.00000000    
   0.00000000    
   0.00000000    
   0.00000000    
   0.00000000    
   0.00000000    
   0.00000000    
   0.00000000    
   0.00000000    
   0.00000000    
   0.00000000    
   0.00000000    
   0.00000000    
   0.00000000    
   0.00000000    
   0.00000000    
   0.00000000    
   0.00000000    
   0.00000000    
   0.00000000    
   0.00000000    
   0.00000000    
   0.00000000    
   0.00000000    
   0.00000000    
   0.00000000    
   0.00000000    
   0.00000000    
   0.00000000    
   0.00000000    
   0.00000000    
   0.00000000    
   0.00000000    
   0.00000000    
   0.00000000    
   0.00000000    
   0.00000000    
   0.00000000    
   0.00000000    
   0.00000000    
   0.00000000    
   0.00000000    
   0.00000000    
   0.00000000    
   0.00000000    
   0.00000000    
   0.00000000    
   0.00000000    
   0.00000000    
   0.00000000    
   0.00000000    
   0.00000000    
   0.00000000    
   0.00000000    
   0.00000000    
   0.00000000    
   0.00000000    
   0.00000000    
   0.00000000    
   0.00000000    
   0.00000000    
   0.00000000    
   0.00000000    
   0.00000000    
   0.00000000    
   0.00000000    
   0.00000000    
   0.00000000    
   0.00000000    
   0.00000000    
   0.00000000    
   0.00000000    
   0.00000000    
   0.00000000    
   0.00000000    
   0.00000000    
   0.00000000    
   0.00000000    
   0.00000000    
   0.00000000    
   0.00000000    
   0.00000000    
   0.00000000    
   0.00000000    
   0.00000000    
   0.00000000    
   0.00000000    
   0.00000000    
   0.00000000    
   0.00000000    
   0.00000000    
   0.00000000    
   0.00000000    
   0.00000000    
   0.00000000    
   0.00000000    
   0.00000000    
   0.00000000    
   0.00000000    
   0.00000000    
   0.00000000    
   0.00000000    
   0.00000000    
   0.00000000    
   0.00000000    
   0.00000000    
   0.00000000    
   0.00000000    
   0.00000000    
