   192.563232      -278.367462    
  -278.367462       1002.65991    
   16960344.0      -5986977.50    
  -5986977.50       2407570.50    
   1768654.88      -909921.688    
  -909921.688       533408.812    
   260637.188      -184446.891    
  -184446.891       148785.312    
   81148.8984      -69714.3750    
  -69714.3750       68292.7578    
   58747.8672      -53218.2227    
  -53218.2227       54981.1445    
   57826.1484      -52471.6953    
  -52471.6953       54314.8867    
   58031.9492      -52575.9062    
  -52575.9062       54356.3281    
   58238.0234      -52680.1133    
  -52680.1133       54400.1797    
   58440.3008      -52781.8164    
  -52781.8164       54443.6172    
   58638.4258      -52881.0430    
  -52881.0430       54486.2500    
   58832.3008      -52977.8906    
  -52977.8906       54527.9453    
   59021.7773      -53072.2891    
  -53072.2891       54568.6016    
   59206.9688      -53164.3633    
  -53164.3633       54608.1797    
   59387.8906      -53254.1445    
  -53254.1445       54646.7188    
   59564.5859      -53341.6797    
  -53341.6797       54684.2344    
   59737.1016      -53426.9922    
  -53426.9922       54720.7070    
   59905.5039      -53510.1445    
  -53510.1445       54756.1875    
   60069.8516      -53591.1523    
  -53591.1523       54790.6758    
   60230.2305      -53670.0898    
  -53670.0898       54824.2305    
   60386.6875      -53746.9727    
  -53746.9727       54856.8242    
   60539.3242      -53821.8906    
  -53821.8906       54888.5391    
   60688.1211      -53894.7812    
  -53894.7812       54919.3359    
   60833.2930      -53965.8320    
  -53965.8320       54949.3047    
   60974.7383      -54034.9414    
  -54034.9414       54978.3867    
   61112.6719      -54102.2695    
  -54102.2695       55006.6836    
   61247.0859      -54167.7812    
  -54167.7812       55034.1758    
   61378.0586      -54231.5352    
  -54231.5352       55060.8555    
   61505.7227      -54293.6211    
  -54293.6211       55086.8359    
   61630.0352      -54353.9961    
  -54353.9961       55112.0312    
   61751.1289      -54412.7266    
  -54412.7266       55136.5117    
   61869.0859      -54469.8867    
  -54469.8867       55160.2969    
   61983.9336      -54525.4922    
  -54525.4922       55183.4258    
   62095.7852      -54579.5781    
  -54579.5781       55205.8711    
   62204.6211      -54632.1445    
  -54632.1445       55227.6445    
   62310.6172      -54683.3086    
  -54683.3086       55248.8281    
   62413.7461      -54733.0195    
  -54733.0195       55269.3828    
   62514.0898      -54781.3516    
  -54781.3516       55289.3242    
   62611.7539      -54828.3594    
  -54828.3594       55308.7148    
   62706.7852      -54874.0547    
  -54874.0547       55327.5352    
   62799.2617      -54918.4766    
  -54918.4766       55345.8164    
   62889.2031      -54961.6484    
  -54961.6484       55363.5586    
   62976.6367      -55003.5781    
  -55003.5781       55380.7695    
   63061.7148      -55044.3594    
  -55044.3594       55397.4805    
   63144.4336      -55083.9648    
  -55083.9648       55413.7070    
   63224.9180      -55122.5000    
  -55122.5000       55429.4844    
   63303.1328      -55159.8945    
  -55159.8945       55444.7500    
   63379.1406      -55196.2031    
  -55196.2031       55459.5820    
   63453.1016      -55231.5430    
  -55231.5430       55474.0195    
   63524.9492      -55265.8203    
  -55265.8203       55487.9844    
   63594.7930      -55299.1328    
  -55299.1328       55501.5508    
   63662.6562      -55331.4766    
  -55331.4766       55514.7188    
   63728.6328      -55362.9102    
  -55362.9102       55527.4883    
   63792.7383      -55393.4219    
  -55393.4219       55539.8945    
   63855.0156      -55423.0586    
  -55423.0586       55551.9297    
   63915.5508      -55451.8320    
  -55451.8320       55563.5898    
   63974.3242      -55479.7734    
  -55479.7734       55574.9180    
   64031.4766      -55506.9258    
  -55506.9258       55585.9258    
   64086.9727      -55533.2734    
  -55533.2734       55596.5781    
   64140.8555      -55558.8477    
  -55558.8477       55606.9375    
   64193.2148      -55583.6953    
  -55583.6953       55616.9844    
   64244.0547      -55607.7891    
  -55607.7891       55626.7031    
   64293.4219      -55631.1953    
  -55631.1953       55636.1523    
   64341.3906      -55653.9180    
  -55653.9180       55645.3359    
   64387.9727      -55675.9727    
  -55675.9727       55654.2266    
   64433.2070      -55697.3828    
  -55697.3828       55662.8594    
   64477.1016      -55718.1445    
  -55718.1445       55671.2109    
   64519.7305      -55738.3164    
  -55738.3164       55679.3438    
   64561.1250      -55757.8867    
  -55757.8867       55687.2109    
   64601.3281      -55776.8828    
  -55776.8828       55694.8516    
   64640.3438      -55795.3164    
  -55795.3164       55702.2695    
   64678.2266      -55813.2070    
  -55813.2070       55709.4570    
   64714.9805      -55830.5703    
  -55830.5703       55716.4375    
   64750.6641      -55847.4102    
  -55847.4102       55723.1914    
   64785.3242      -55863.7578    
  -55863.7578       55729.7422    
   64818.9258      -55879.6211    
  -55879.6211       55736.1211    
   64851.5469      -55894.9922    
  -55894.9922       55742.2734    
   64883.2266      -55909.9336    
  -55909.9336       55748.2695    
   64913.9805      -55924.4180    
  -55924.4180       55754.0742    
   64943.8047      -55938.4727    
  -55938.4727       55759.6953    
   64972.7344      -55952.1055    
  -55952.1055       55765.1562    
   65000.8750      -55965.3594    
  -55965.3594       55770.4609    
   65028.1250      -55978.1953    
  -55978.1953       55775.6055    
   65054.5703      -55990.6367    
  -55990.6367       55780.5742    
   65080.2344      -56002.7109    
  -56002.7109       55785.4023    
   65105.1406      -56014.4297    
  -56014.4297       55790.0820    
   65129.3164      -56025.8047    
  -56025.8047       55794.6250    
   65152.7461      -56036.8164    
  -56036.8164       55799.0312    
   65175.5156      -56047.5352    
  -56047.5352       55803.3125    
   65197.5586      -56057.8984    
  -56057.8984       55807.4531    
   65218.9570      -56067.9453    
  -56067.9453       55811.4531    
   65239.7227      -56077.7070    
  -56077.7070       55815.3438    
   65259.9062      -56087.2031    
  -56087.2031       55819.1484    
   65279.4297      -56096.3789    
  -56096.3789       55822.8008    
   65298.4375      -56105.3047    
  -56105.3047       55826.3594    
   65316.8320      -56113.9336    
  -56113.9336       55829.8008    
   65334.6680      -56122.3086    
  -56122.3086       55833.1445    
   65351.9531      -56130.4180    
  -56130.4180       55836.3555    
   65368.7500      -56138.3125    
  -56138.3125       55839.5117    
   65385.0430      -56145.9531    
  -56145.9531       55842.5469    
   65400.8398      -56153.3594    
  -56153.3594       55845.5078    
   65416.1641      -56160.5547    
  -56160.5547       55848.3633    
   65431.0312      -56167.5312    
  -56167.5312       55851.1523    
   65445.4688      -56174.3086    
  -56174.3086       55853.8516    
   65459.4492      -56180.8750    
  -56180.8750       55856.4727    
   65473.0078      -56187.2227    
  -56187.2227       55858.9766    
   65486.1445      -56193.3750    
  -56193.3750       55861.4258    
   65498.9414      -56199.3828    
  -56199.3828       55863.8242    
   65511.2891      -56205.1680    
  -56205.1680       55866.1172    
   65523.3125      -56210.8008    
  -56210.8008       55868.3555    
   65534.9727      -56216.2812    
  -56216.2812       55870.5430    
   65546.2500      -56221.5625    
  -56221.5625       55872.6484    
   65557.1562      -56226.6602    
  -56226.6602       55874.6602    
   65567.8047      -56231.6562    
  -56231.6562       55876.6484    
   65578.0859      -56236.4805    
  -56236.4805       55878.5703    
   65588.0938      -56241.1758    
  -56241.1758       55880.4531    
   65597.7578      -56245.6836    
  -56245.6836       55882.2148    
   65607.1562      -56250.0938    
  -56250.0938       55883.9844    
   65616.2891      -56254.3828    
  -56254.3828       55885.6875    
   65625.0938      -56258.4961    
  -56258.4961       55887.3086    
   65633.6641      -56262.5117    
  -56262.5117       55888.9062    
   65641.9609      -56266.3984    
  -56266.3984       55890.4531    
   65650.0234      -56270.1758    
  -56270.1758       55891.9570    
   65657.8281      -56273.8320    
  -56273.8320       55893.4141    
   65665.3984      -56277.3672    
  -56277.3672       55894.8086    
   65672.7031      -56280.7852    
  -56280.7852       55896.1680    
   65679.8594      -56284.1484    
  -56284.1484       55897.5156    
   65686.7344      -56287.3516    
  -56287.3516       55898.7656    
   65693.4609      -56290.5156    
  -56290.5156       55900.0273    
   65699.9141      -56293.5352    
  -56293.5352       55901.2227    
   65706.2344      -56296.4922    
  -56296.4922       55902.4023    
   65712.3125      -56299.3359    
  -56299.3359       55903.5234    
   65718.2344      -56302.1055    
  -56302.1055       55904.6250    
   65723.9688      -56304.7852    
  -56304.7852       55905.6914    
   65729.5391      -56307.3945    
  -56307.3945       55906.7227    
   65734.9141      -56309.9062    
  -56309.9062       55907.7148    
   65740.1562      -56312.3555    
  -56312.3555       55908.6836    
   65745.2109      -56314.7188    
  -56314.7188       55909.6172    
   65750.1875      -56317.0586    
  -56317.0586       55910.5547    
   65754.9062      -56319.2734    
  -56319.2734       55911.4414    
   65759.5625      -56321.4414    
  -56321.4414       55912.3047    
   65764.0312      -56323.5312    
  -56323.5312       55913.1211    
   65768.3750      -56325.5664    
  -56325.5664       55913.9297    
   65772.5703      -56327.5195    
  -56327.5195       55914.6992    
   65776.6641      -56329.4375    
  -56329.4375       55915.4648    
   65780.6328      -56331.2891    
  -56331.2891       55916.1875    
   65784.4688      -56333.0859    
  -56333.0859       55916.9062    
   65788.2109      -56334.8438    
  -56334.8438       55917.6094    
   65791.7891      -56336.5078    
  -56336.5078       55918.2734    
   65795.2969      -56338.1523    
  -56338.1523       55918.9219    
   65798.6875      -56339.7344    
  -56339.7344       55919.5430    
   65801.9609      -56341.2656    
  -56341.2656       55920.1523    
   65805.1641      -56342.7578    
  -56342.7578       55920.7383    
   65808.2812      -56344.2305    
  -56344.2305       55921.3359    
   65811.2578      -56345.6094    
  -56345.6094       55921.8750    
   65814.1562      -56346.9648    
  -56346.9648       55922.3906    
   65816.9531      -56348.2695    
  -56348.2695       55922.9180    
   65819.7344      -56349.5977    
  -56349.5977       55923.4648    
   65822.3438      -56350.7930    
  -56350.7930       55923.9219    
   65824.9531      -56352.0234    
  -56352.0234       55924.4219    
   65827.4297      -56353.1719    
  -56353.1719       55924.8672    
   65829.8281      -56354.3008    
  -56354.3008       55925.3125    
   65832.1641      -56355.3945    
  -56355.3945       55925.7500    
   65834.4453      -56356.4531    
  -56356.4531       55926.1680    
   65836.6641      -56357.5000    
  -56357.5000       55926.5820    
   65838.7656      -56358.4844    
  -56358.4844       55926.9648    
   65840.8750      -56359.4688    
  -56359.4688       55927.3672    
   65842.8281      -56360.3711    
  -56360.3711       55927.7148    
   65844.7969      -56361.3008    
  -56361.3008       55928.0938    
   65846.6719      -56362.1602    
  -56362.1602       55928.4336    
   65848.5000      -56363.0273    
  -56363.0273       55928.7695    
   65850.2734      -56363.8516    
  -56363.8516       55929.0859    
   65852.0156      -56364.6680    
  -56364.6680       55929.4219    
   65853.6641      -56365.4531    
  -56365.4531       55929.7383    
   65855.2734      -56366.1875    
  -56366.1875       55930.0156    
   65856.8438      -56366.9219    
  -56366.9219       55930.3164    
   65858.3516      -56367.6250    
  -56367.6250       55930.5820    
   65859.8047      -56368.3086    
  -56368.3086       55930.8672    
   65861.2422      -56368.9883    
  -56368.9883       55931.1328    
   65862.6484      -56369.6445    
  -56369.6445       55931.3867    
   65863.9766      -56370.2617    
  -56370.2617       55931.6406    
   65865.2656      -56370.8555    
  -56370.8555       55931.8633    
   65866.5547      -56371.4727    
  -56371.4727       55932.1289    
   65867.7422      -56372.0312    
  -56372.0312       55932.3398    
   65868.9062      -56372.5664    
  -56372.5664       55932.5469    
   65870.1094      -56373.1406    
  -56373.1406       55932.7891    
   65871.1875      -56373.6250    
  -56373.6250       55932.9609    
   65872.2891      -56374.1484    
  -56374.1484       55933.1719    
   65873.3359      -56374.6367    
  -56374.6367       55933.3672    
   65874.3281      -56375.0938    
  -56375.0938       55933.5391    
   65875.2891      -56375.5391    
  -56375.5391       55933.7148    
   65876.2656      -56375.9961    
  -56375.9961       55933.9102    
   65877.2188      -56376.4453    
  -56376.4453       55934.0898    
   65878.0703      -56376.8516    
  -56376.8516       55934.2461    
   65878.9609      -56377.2578    
  -56377.2578       55934.4062    
   65879.7891      -56377.6523    
  -56377.6523       55934.5664    
   65880.5938      -56378.0273    
  -56378.0273       55934.7148    
   65881.3828      -56378.3906    
  -56378.3906       55934.8438    
   65882.1719      -56378.7695    
  -56378.7695       55934.9961    
   65882.9297      -56379.1289    
  -56379.1289       55935.1445    
   65883.6328      -56379.4453    
  -56379.4453       55935.2695    
   65884.3516      -56379.7812    
  -56379.7812       55935.4062    
   65884.9922      -56380.0742    
  -56380.0742       55935.5117    
   65885.6641      -56380.3945    
  -56380.3945       55935.6523    
   65886.2969      -56380.6953    
  -56380.6953       55935.7656    
   65886.9219      -56380.9766    
  -56380.9766       55935.8750    
   65887.5234      -56381.2617    
  -56381.2617       55935.9883    
   65888.0938      -56381.5312    
  -56381.5312       55936.1016    
   65888.6641      -56381.7891    
  -56381.7891       55936.1836    
   65889.2109      -56382.0547    
  -56382.0547       55936.3125    
   65889.7578      -56382.3008    
  -56382.3008       55936.4023    
   65890.2188      -56382.5195    
  -56382.5195       55936.4844    
   65890.7188      -56382.7539    
  -56382.7539       55936.5742    
   65891.2500      -56383.0117    
  -56383.0117       55936.6992    
   65891.6953      -56383.2031    
  -56383.2031       55936.7461    
   65892.1250      -56383.4180    
  -56383.4180       55936.8398    
   65892.5781      -56383.6328    
  -56383.6328       55936.9336    
   65893.0000      -56383.8281    
  -56383.8281       55937.0156    
   65893.4531      -56384.0391    
  -56384.0391       55937.1055    
   65893.8438      -56384.2227    
  -56384.2227       55937.1758    
   65894.2031      -56384.3828    
  -56384.3828       55937.2305    
   65894.5938      -56384.5664    
  -56384.5664       55937.2969    
   65894.9609      -56384.7422    
  -56384.7422       55937.3750    
   65895.3047      -56384.8945    
  -56384.8945       55937.4375    
   65895.6641      -56385.0898    
  -56385.0898       55937.5117    
   65895.9688      -56385.2148    
  -56385.2148       55937.5469    
   65896.2734      -56385.3516    
  -56385.3516       55937.5977    
   65896.5859      -56385.5000    
  -56385.5000       55937.6641    
   65896.8828      -56385.6250    
  -56385.6250       55937.7109    
   65897.2031      -56385.7930    
  -56385.7930       55937.7852    
   65897.5078      -56385.9297    
  -56385.9297       55937.8438    
   65897.7969      -56386.0781    
  -56386.0781       55937.9023    
   65898.0078      -56386.1680    
  -56386.1680       55937.9297    
   65898.2812      -56386.2930    
  -56386.2930       55937.9805    
   65898.5625      -56386.4258    
  -56386.4258       55938.0430    
   65898.7891      -56386.5273    
  -56386.5273       55938.0625    
   65899.0000      -56386.6211    
  -56386.6211       55938.0977    
   65899.2578      -56386.7305    
  -56386.7305       55938.1562    
   65899.4609      -56386.8555    
  -56386.8555       55938.1992    
   65899.6719      -56386.9414    
  -56386.9414       55938.2305    
   65899.8906      -56387.0391    
  -56387.0391       55938.2734    
   65900.0781      -56387.1289    
  -56387.1289       55938.3125    
   65900.2734      -56387.2148    
  -56387.2148       55938.3438    
   65900.4922      -56387.3359    
  -56387.3359       55938.3984    
   65900.6484      -56387.4062    
  -56387.4062       55938.4336    
   65900.8438      -56387.4922    
  -56387.4922       55938.4570    
   65901.0391      -56387.5898    
  -56387.5898       55938.4922    
   65901.1719      -56387.6367    
  -56387.6367       55938.5078    
