   100.000000    
   100.000000    
   100.000000    
   50.0000000    
   25.0000000    
   12.5000000    
   6.25000000    
   3.12500000    
   1.56250000    
  0.781250000    
  0.390625000    
  0.195312500    
   9.76562500E-02
   4.88281250E-02
   2.44140625E-02
   1.22070312E-02
   6.10351562E-03
   3.05175781E-03
   1.52587891E-03
   7.62939453E-04
   3.81469727E-04
   1.90734863E-04
   9.53674316E-05
   4.76837158E-05
   2.38418579E-05
   1.19209290E-05
   5.96046448E-06
   2.98023224E-06
   1.49011612E-06
   7.45058060E-07
   3.72529030E-07
   1.86264515E-07
   9.31322575E-08
   4.65661287E-08
   2.32830644E-08
   1.16415322E-08
   5.82076609E-09
   2.91038305E-09
   1.45519152E-09
   7.27595761E-10
   3.63797881E-10
   1.81898940E-10
   9.09494702E-11
   4.54747351E-11
   2.27373675E-11
   1.13686838E-11
   5.68434189E-12
   2.84217094E-12
   1.42108547E-12
   7.10542736E-13
   3.55271368E-13
   1.77635684E-13
   8.88178420E-14
   4.44089210E-14
   2.22044605E-14
   1.11022302E-14
   5.55111512E-15
   2.77555756E-15
   1.38777878E-15
   6.93889390E-16
   3.46944695E-16
   1.73472348E-16
   8.67361738E-17
   4.33680869E-17
   2.16840434E-17
   1.08420217E-17
   5.42101086E-18
   2.71050543E-18
   1.35525272E-18
   6.77626358E-19
   3.38813179E-19
   1.69406589E-19
   8.47032947E-20
   4.23516474E-20
   2.11758237E-20
   1.05879118E-20
   5.29395592E-21
   2.64697796E-21
   1.32348898E-21
   6.61744490E-22
   3.30872245E-22
   1.65436123E-22
   8.27180613E-23
   4.13590306E-23
   2.06795153E-23
   1.03397577E-23
   5.16987883E-24
   2.58493941E-24
   1.29246971E-24
   6.46234854E-25
   3.23117427E-25
   1.61558713E-25
   8.07793567E-26
   4.03896783E-26
   2.01948392E-26
   1.00974196E-26
   5.04870979E-27
   2.52435490E-27
   1.26217745E-27
   6.31088724E-28
   3.15544362E-28
   1.57772181E-28
   7.88860905E-29
   3.94430453E-29
   1.97215226E-29
   9.86076132E-30
   4.93038066E-30
   2.46519033E-30
   1.23259516E-30
   6.16297582E-31
   3.08148791E-31
   1.54074396E-31
   7.70371978E-32
   3.85185989E-32
   1.92592994E-32
   9.62964972E-33
   4.81482486E-33
   2.40741243E-33
   1.20370622E-33
   6.01853108E-34
   3.00926554E-34
   1.50463277E-34
   7.52316385E-35
   3.76158192E-35
   1.88079096E-35
   9.40395481E-36
   4.70197740E-36
   2.35098870E-36
   1.17549435E-36
   5.87747175E-37
   2.93873588E-37
   1.46936794E-37
   7.34683969E-38
   3.67341985E-38
   1.83670992E-38
   9.18354962E-39
   4.59177481E-39
   2.29588740E-39
   1.14794370E-39
   5.73971851E-40
   2.86985925E-40
   1.43492963E-40
   7.17464814E-41
   3.58732407E-41
   1.79366203E-41
   8.96831017E-42
   4.48415509E-42
   2.24207754E-42
   1.12103877E-42
   5.60519386E-43
   2.80259693E-43
   1.40129846E-43
   7.00649232E-44
   3.50324616E-44
   1.68155816E-44
   8.40779079E-45
   4.20389539E-45
   2.80259693E-45
   1.40129846E-45
   0.00000000    
   0.00000000    
   0.00000000    
   0.00000000    
   0.00000000    
   0.00000000    
   0.00000000    
   0.00000000    
   0.00000000    
   0.00000000    
   0.00000000    
   0.00000000    
   0.00000000    
   0.00000000    
   0.00000000    
   0.00000000    
   0.00000000    
   0.00000000    
   0.00000000    
   0.00000000    
   0.00000000    
   0.00000000    
   0.00000000    
   0.00000000    
   0.00000000    
   0.00000000    
   0.00000000    
   0.00000000    
   0.00000000    
   0.00000000    
   0.00000000    
   0.00000000    
   0.00000000    
   0.00000000    
   0.00000000    
   0.00000000    
   0.00000000    
   0.00000000    
   0.00000000    
   0.00000000    
   0.00000000    
   0.00000000    
   0.00000000    
   0.00000000    
   0.00000000    
   0.00000000    
   0.00000000    
   0.00000000    
   0.00000000    
   0.00000000    
   0.00000000    
   0.00000000    
   0.00000000    
   0.00000000    
   0.00000000    
   0.00000000    
   0.00000000    
   0.00000000    
   0.00000000    
   0.00000000    
   0.00000000    
   0.00000000    
   0.00000000    
   0.00000000    
   0.00000000    
   0.00000000    
   0.00000000    
   0.00000000    
   0.00000000    
   0.00000000    
   0.00000000    
   0.00000000    
   0.00000000    
   0.00000000    
   0.00000000    
   0.00000000    
   0.00000000    
   0.00000000    
   0.00000000    
   0.00000000    
   0.00000000    
   0.00000000    
   0.00000000    
   0.00000000    
   0.00000000    
   0.00000000    
   0.00000000    
   0.00000000    
   0.00000000    
