   69368272.0      -10836394.0    
   11183080.0      -2351678.00    
   3286136.50      -852932.812    
   1053486.62      -320171.000    
   365710.000      -119309.719    
   139330.578      -41235.9961    
   61515.9375      -11063.5264    
   35146.2656      -430.982056    
   27084.1719       2316.38452    
   24425.6406       2557.53809    
   22730.0508       2373.47485    
   21151.8867       2195.35596    
   19653.6094       2047.17371    
   18254.7891       1917.77185    
   16960.9297       1800.78687    
   15769.2471       1693.26294    
   14673.8975       1593.58679    
   13667.7949       1500.86975    
   12743.7822       1414.44397    
   11894.8887       1333.82837    
   11114.5342       1258.62891    
   10396.6299       1188.48352    
   9735.70996       1122.97266    
   9126.61621       1061.82129    
   8564.74316       1004.70984    
   8045.92432       951.314331    
   7566.28174       901.418762    
   7122.44678       854.707092    
   6711.24268       810.975220    
   6329.84229       770.012451    
   5975.70850       731.593506    
   5646.48584       695.564209    
   5340.16260       661.679321    
   5054.74805       629.854126    
   4788.50488       599.953979    
   4539.95508       571.773315    
   4307.59082       545.265747    
   4090.20337       520.248718    
   3886.60181       496.638977    
   3695.70972       474.342651    
   3516.54053       453.286499    
   3348.23193       433.372742    
   3189.96582       414.536072    
   3040.98242       396.722168    
   2900.71973       379.775513    
   2768.42920       363.748291    
   2643.58350       348.550964    
   2525.72876       334.081055    
   2414.28784       320.375977    
   2308.91382       307.318451    
   2209.15845       294.903351    
   2114.66040       283.089020    
   2025.08521       271.832306    
   1940.10583       261.113434    
   1859.43604       250.897324    
   1782.82849       241.135483    
   1710.00366       231.829239    
   1640.68872       222.995667    
   1574.81677       214.474655    
   1512.08276       206.344925    
   1452.25842       198.625641    
   1395.28076       191.198242    
   1340.92346       184.107391    
   1289.06775       177.308182    
   1239.56433       170.796753    
   1192.26477       164.573395    
   1147.06372       158.614716    
   1103.89453       152.862213    
   1062.59692       147.354523    
   1023.04321       142.108795    
   985.193970       137.063171    
   948.981018       132.191833    
   914.261780       127.542091    
   881.021545       123.046921    
   849.147766       118.736732    
   818.553589       114.620316    
   789.255798       110.614349    
   761.074280       106.826836    
   734.067017       103.141373    
   708.141663       99.5887451    
   683.235718       96.1753693    
   659.286499       92.9106216    
   636.293823       89.7443161    
   614.174683       86.7124481    
   592.927856       83.7721252    
   572.435303       80.9940796    
   552.783447       78.2565765    
   533.862976       75.6307220    
   515.645630       73.1060791    
   498.082428       70.6966248    
   481.205200       68.3407440    
   464.941223       66.0781937    
   449.294495       63.8759537    
   434.164154       61.8055267    
   419.657745       59.7361526    
   405.625580       57.7877922    
   392.105255       55.9018555    
   379.066864       54.0816078    
   366.476990       52.3431892    
   354.405029       50.5949364    
   342.691559       48.9744034    
   331.419037       47.3809929    
   320.530731       45.8528023    
   310.022430       44.3754616    
   299.925659       42.9048843    
   290.081207       41.5786247    
   280.682495       40.1957016    
   271.538055       38.9256058    
   262.739594       37.6674042    
   254.207062       36.4845200    
   246.009750       35.2994728    
   238.065979       34.1754532    
   230.382797       33.0985489    
   222.968643       32.0474243    
   215.826401       31.0094395    
   208.889191       30.0392227    
   202.199295       29.0866623    
   195.747574       28.1511192    
   189.477554       27.2789230    
   183.438873       26.4103317    
   177.601746       25.5711594    
   171.970581       24.7456894    
   166.485291       23.9870262    
   161.203949       23.2282143    
   156.093155       22.4976692    
   151.141205       21.7999477    
   146.371155       21.1032963    
   141.766006       20.4217339    
   137.236633       19.8347206    
   132.951981       19.1689682    
   128.761337       18.5720825    
   124.707489       17.9913788    
   120.777618       17.4369793    
   116.967216       16.9074974    
   113.330345       16.3433247    
   109.742584       15.8667040    
   106.330215       15.3442430    
   102.958458       14.9070959    
   99.7623367       14.4147797    
   96.6365204       13.9720993    
   93.6246414       13.5295343    
   90.6930618       13.1137962    
   87.8469772       12.7222118    
   85.1277695       12.3051109    
   82.4662170       11.9322033    
   79.8870773       11.5701170    
   77.4180222       11.1938438    
   75.0106506       10.8441563    
   72.6890945       10.4975748    
   70.4064102       10.1950645    
   68.2129745       9.88443565    
   66.1145477       9.55896473    
   64.0594482       9.26643753    
   62.0688744       8.98241234    
   60.1230011       8.72566414    
   58.2942810       8.42056084    
   56.4775696       8.17190552    
   54.7139854       7.93239880    
   53.0335617       7.67532015    
   51.3756294       7.45449543    
   49.7820625       7.22824097    
   48.2740059       6.97318554    
   46.7593002       6.78081608    
   45.3300705       6.55523968    
   43.8958893       6.38580704    
   42.5646477       6.16579485    
   41.2407417       5.98584747    
   39.9654579       5.80306625    
   38.7436562       5.61274910    
   37.5400696       5.44976950    
   36.3902855       5.27333355    
   35.2513504       5.12789011    
   34.1740875       4.96109533    
   33.1234932       4.80575180    
   32.1221542       4.63860178    
   31.1115417       4.51737452    
   30.1497116       4.38117504    
   29.2340050       4.23586512    
   28.3329811       4.10640335    
   27.4743996       3.96676850    
   26.6185265       3.85529804    
   25.7737045       3.76307273    
   25.0124550       3.61580706    
   24.2164650       3.53184509    
   23.4826527       3.41273904    
   22.7663460       3.30150723    
   22.0620403       3.20444727    
   21.3929081       3.09826660    
   20.7212925       3.01681995    
   20.1049728       2.90346432    
   19.4760647       2.82588124    
   18.8786602       2.73882914    
   18.3105030       2.64154601    
   17.7243729       2.58469200    
   17.1972427       2.48894310    
   16.6490345       2.43172598    
   16.1629429       2.33313251    
   15.6385527       2.28958130    
   15.1732588       2.20574737    
   14.7430830       2.10328674    
   14.2506790       2.07830405    
   13.8263168       2.00144410    
   13.3931971       1.94930410    
   12.9841566       1.88789797    
   12.5941639       1.82150817    
   12.2054176       1.76865530    
   11.8190069       1.72707891    
   11.4688425       1.66239810    
   11.1008711       1.62693429    
   10.7789011       1.55783081    
   10.4361763       1.52412748    
   10.1182251       1.47555017    
   9.80120087       1.43684196    
   9.52936935       1.36546159    
   9.20209599       1.35781598    
   8.94907188       1.28668809    
   8.65071487       1.27200949    
   8.40787220       1.21037829    
   8.13066483       1.19278324    
   7.90454483       1.13305068    
   7.62294912       1.13693428    
   7.43600893       1.05597377    
   7.20393991       1.02874303    
   6.97180414       1.00750732    
   6.76167154      0.973821461    
   6.56554937      0.933850110    
   6.34217787      0.927579463    
   6.16989803      0.877869606    
   5.95407820      0.877424359    
   5.79437971      0.828871191    
   5.60053396      0.819330931    
   5.45466423      0.768472970    
   5.26600266      0.767510712    
   5.11127329      0.737784147    
   4.96117210      0.708413005    
   4.82168102      0.674440384    
   4.63996983      0.689069927    
   4.50758934      0.657028675    
   4.38941860      0.617878258    
   4.22441864      0.630134940    
   4.11899328      0.585961640    
   3.97676206      0.583524644    
   3.86933684      0.553134561    
   3.76612997      0.519680381    
   3.59689021      0.558167338    
   3.53193951      0.497358233    
   3.41382718      0.492923707    
   3.31168103      0.475158334    
   3.20248580      0.467528105    
   3.10933471      0.447530985    
   3.02200174      0.427592397    
   2.92006302      0.424608022    
   2.84594440      0.394696891    
   2.73519301      0.407160878    
   2.65958881      0.387480408    
   2.59520102      0.358541578    
   2.48644018      0.376657873    
   2.42121911      0.354688585    
   2.33257651      0.358486295    
   2.27572370      0.333276153    
   2.19444513      0.334549814    
   2.14493251      0.306633383    
   2.06752229      0.309308350    
   2.02439618      0.278674722    
   1.93905437      0.293907374    
   1.88419986      0.280298918    
   1.85174668      0.246281147    
   1.76547837      0.268673033    
   1.71746445      0.254240006    
   1.68545008      0.226515889    
   1.60921419      0.242887303    
   1.56828666      0.227763534    
   1.51845849      0.223222136    
   1.45948243      0.228077158    
   1.44596529      0.191206455    
   1.38824832      0.198724791    
   1.32816231      0.209551588    
   1.30926514      0.180814058    
   1.26134181      0.183837324    
   1.22909760      0.172658175    
   1.17040753      0.188044727    
   1.15662980      0.160454407    
   1.10863161      0.167622373    
   1.06569481      0.171374440    
   1.05014229      0.149858519    
   1.01527798      0.148459643    
   1.00287712      0.125551715    
  0.967164576      0.126174867    
  0.921121657      0.138126239    
  0.900705457      0.127125084    
  0.868396103      0.126051813    
  0.861919522      0.101946451    
  0.806655645      0.129123300    
  0.795352221      0.110597290    
  0.760939121      0.117397554    
  0.731458843      0.119254202    
  0.706679761      0.119388819    
  0.691996217      0.107263565    
  0.675908625      0.100946873    
  0.664154530       8.81254971E-02
  0.634880722       9.46243331E-02
  0.618059993       8.97695050E-02
  0.594340265       9.11605284E-02
  0.576620162       8.67884234E-02
  0.548083305       9.58080888E-02
