   1899636.88    
   288372.531    
   80419.4531    
   22680.1465    
   6456.65967    
   2200.39502    
   1258.81616    
   1071.76440    
   982.721558    
   895.388733    
   812.445007    
   736.458069    
   667.451416    
   604.997498    
   548.582214    
   497.676544    
   451.766205    
   410.368347    
   373.036407    
   339.361755    
   308.973755    
   281.537018    
   256.749634    
   234.340515    
   214.066452    
   195.709290    
   179.074295    
   163.987122    
   150.291595    
   137.848831    
   126.534027    
   116.235977    
   106.854805    
   98.3016815    
   90.4966125    
   83.3680649    
   76.8520355    
   70.8908005    
   65.4329529    
   60.4318085    
   55.8456573    
   51.6369476    
   47.7717628    
   44.2194366    
   40.9524689    
   37.9458199    
   35.1768951    
   32.6253700    
   30.2725830    
   28.1018658    
   26.0978508    
   24.2467594    
   22.5359364    
   20.9539566    
   19.4903240    
   18.1355057    
   16.8807888    
   15.7183161    
   14.6406994    
   13.6413908    
   12.7142954    
   11.8538008    
   11.0548382    
   10.3126965    
   9.62310982    
   8.98207760    
   8.38603115    
   7.83158016    
   7.31566095    
   6.83546686    
   6.38836241    
   5.97195148    
   5.58402777    
   5.22252274    
   4.88557053    
   4.57140112    
   4.27839661    
   4.00509071    
   3.75007033    
   3.51207137    
   3.28990960    
   3.08249807    
   2.88879347    
   2.70787334    
   2.53885865    
   2.38092804    
   2.23331714    
   2.09535670    
   1.96637833    
   1.84577775    
   1.73299110    
   1.62749815    
   1.52880704    
   1.43648100    
   1.35008001    
   1.26922405    
   1.19354784    
   1.12269521    
   1.05637646    
  0.994269073    
  0.936121106    
  0.881657958    
  0.830645621    
  0.782852411    
  0.738081098    
  0.696137726    
  0.656836271    
  0.620005369    
  0.585489988    
  0.553138256    
  0.522817373    
  0.494386077    
  0.467738271    
  0.442750096    
  0.419321418    
  0.397352695    
  0.376751453    
  0.357432246    
  0.339314282    
  0.322312713    
  0.306372613    
  0.291416675    
  0.277390331    
  0.264226168    
  0.251877129    
  0.240292683    
  0.229418308    
  0.219217494    
  0.209647790    
  0.200658217    
  0.192231521    
  0.184318215    
  0.176893413    
  0.169923246    
  0.163376704    
  0.157238603    
  0.151472002    
  0.146062538    
  0.140977561    
  0.136209056    
  0.131731853    
  0.127524465    
  0.123579875    
  0.119871378    
  0.116394281    
  0.113124557    
  0.110057876    
  0.107175246    
  0.104470648    
  0.101931021    
   9.95444134E-02
   9.73039493E-02
   9.52002332E-02
   9.32236984E-02
   9.13685635E-02
   8.96232128E-02
   8.79886150E-02
   8.64496380E-02
   8.50065649E-02
   8.36502463E-02
   8.23763311E-02
   8.11774731E-02
   8.00542533E-02
   7.89975226E-02
   7.80051351E-02
   7.70749897E-02
   7.61998519E-02
   7.53771514E-02
   7.46037439E-02
   7.38805830E-02
   7.31974542E-02
   7.25572631E-02
   7.19560757E-02
   7.13912249E-02
   7.08596408E-02
   7.03608841E-02
   6.98914826E-02
   6.94523677E-02
   6.90390766E-02
   6.86499700E-02
   6.82851374E-02
   6.79431409E-02
   6.76196590E-02
   6.73185214E-02
   6.70335814E-02
   6.67647421E-02
   6.65146038E-02
   6.62782118E-02
   6.60572350E-02
   6.58479631E-02
   6.56525195E-02
   6.54691160E-02
   6.52951524E-02
   6.51333034E-02
   6.49808571E-02
   6.48363680E-02
   6.47020638E-02
   6.45764843E-02
   6.44575804E-02
   6.43455237E-02
   6.42409176E-02
   6.41427189E-02
   6.40492961E-02
   6.39627725E-02
   6.38805553E-02
   6.38039783E-02
   6.37315735E-02
   6.36643767E-02
   6.35999218E-02
   6.35395646E-02
   6.34838194E-02
   6.34309947E-02
   6.33804351E-02
   6.33343309E-02
   6.32906482E-02
   6.32488430E-02
   6.32097572E-02
   6.31733835E-02
   6.31393567E-02
   6.31072074E-02
   6.30763993E-02
   6.30478933E-02
   6.30216822E-02
   6.29960895E-02
   6.29724339E-02
   6.29510954E-02
   6.29306063E-02
   6.29113764E-02
   6.28922731E-02
   6.28751814E-02
   6.28586262E-02
   6.28425181E-02
   6.28292784E-02
   6.28157407E-02
   6.28030598E-02
   6.27903044E-02
   6.27801269E-02
   6.27690628E-02
   6.27594516E-02
   6.27507642E-02
   6.27415329E-02
   6.27325550E-02
   6.27259538E-02
   6.27179891E-02
   6.27115145E-02
   6.27056286E-02
   6.26997873E-02
   6.26939461E-02
   6.26881644E-02
   6.26821816E-02
   6.26788512E-02
   6.26744032E-02
   6.26689494E-02
   6.26652688E-02
   6.26630262E-02
   6.26589730E-02
   6.26563206E-02
   6.26526549E-02
   6.26500472E-02
   6.26474097E-02
   6.26444221E-02
   6.26420751E-02
   6.26406446E-02
   6.26379251E-02
   6.26361147E-02
   6.26337007E-02
   6.26320317E-02
   6.26311004E-02
   6.26292005E-02
   6.26277402E-02
   6.26264215E-02
   6.26248568E-02
   6.26238361E-02
   6.26221746E-02
   6.26223013E-02
   6.26201183E-02
   6.26200214E-02
   6.26182705E-02
   6.26183748E-02
   6.26178533E-02
   6.26174510E-02
   6.26157969E-02
   6.26146719E-02
   6.26147091E-02
   6.26144335E-02
   6.26139939E-02
   6.26131594E-02
   6.26128614E-02
   6.26123920E-02
   6.26129583E-02
   6.26111552E-02
   6.26106858E-02
   6.26112893E-02
   6.26100674E-02
   6.26101196E-02
   6.26098588E-02
   6.26102015E-02
   6.26083538E-02
   6.26091659E-02
   6.26086444E-02
   6.26084432E-02
   6.26091734E-02
   6.26087040E-02
   6.26073778E-02
   6.26071393E-02
