   1899636.88    
   153934.781    
   12096.8789    
   2454.27710    
   2023.64307    
   1858.52490    
   1692.21521    
   1537.94873    
   1396.04321    
   1266.03015    
   1147.31689    
   1039.23486    
   941.072388    
   852.100342    
   771.590881    
   698.834595    
   633.149963    
   573.892151    
   520.457031    
   472.284515    
   428.857880    
   389.705109    
   354.396423    
   322.541626    
   293.788452    
   267.819824    
   244.350403    
   223.124390    
   203.912552    
   186.509705    
   170.732193    
   156.415955    
   143.414459    
   131.596298    
   120.844482    
   111.054024    
   102.131195    
   93.9920120    
   86.5612030    
   79.7715149    
   73.5623093    
   67.8794098    
   62.6739960    
   57.9022675    
   53.5247459    
   49.5058136    
   45.8134270    
   42.4186974    
   39.2954559    
   36.4200897    
   33.7711449    
   31.3292923    
   29.0769653    
   26.9982166    
   25.0785599    
   23.3048382    
   21.6650658    
   20.1483192    
   18.7446632    
   17.4450188    
   16.2411499    
   15.1254225    
   14.0909777    
   13.1314182    
   12.2409849    
   11.4143915    
   10.6466808    
   9.93349075    
   9.27064419    
   8.65435696    
   8.08119678    
   7.54795647    
   7.05170441    
   6.58970642    
   6.15951204    
   5.75876427    
   5.38536787    
   5.03737068    
   4.71295261    
   4.41042519    
   4.12824631    
   3.86499453    
   3.61935163    
   3.39005089    
   3.17600417    
   2.97612286    
   2.78944373    
   2.61505342    
   2.45211911    
   2.29988337    
   2.15756822    
   2.02453351    
   1.90016258    
   1.78385651    
   1.67507684    
   1.57332480    
   1.47812593    
   1.38905251    
   1.30569756    
   1.22769105    
   1.15465951    
   1.08630002    
   1.02229452    
  0.962350428    
  0.906227827    
  0.853653491    
  0.804414988    
  0.758280218    
  0.715064764    
  0.674571812    
  0.636630654    
  0.601066649    
  0.567739427    
  0.536495447    
  0.507213473    
  0.479763836    
  0.454021394    
  0.429892600    
  0.407261580    
  0.386044413    
  0.366149306    
  0.347490996    
  0.329983503    
  0.313570917    
  0.298165381    
  0.283719927    
  0.270165652    
  0.257455319    
  0.245524436    
  0.234327585    
  0.223824501    
  0.213967755    
  0.204718053    
  0.196039617    
  0.187889919    
  0.180244789    
  0.173070073    
  0.166333660    
  0.160009801    
  0.154076993    
  0.148506582    
  0.143271893    
  0.138363600    
  0.133753687    
  0.129427165    
  0.125364676    
  0.121547222    
  0.117964149    
  0.114602193    
  0.111445270    
  0.108476609    
  0.105692908    
  0.103077091    
  0.100624107    
   9.83179212E-02
   9.61514190E-02
   9.41160843E-02
   9.22060385E-02
   9.04122368E-02
   8.87267888E-02
   8.71441737E-02
   8.56577903E-02
   8.42612162E-02
   8.29493105E-02
   8.17178786E-02
   8.05606619E-02
   7.94747770E-02
   7.84537494E-02
   7.74957165E-02
   7.65939429E-02
   7.57469237E-02
   7.49531016E-02
   7.42070451E-02
   7.35049546E-02
   7.28458613E-02
   7.22280070E-02
   7.16458037E-02
   7.11000860E-02
   7.05860183E-02
   7.01039508E-02
   6.96507618E-02
   6.92252889E-02
   6.88255057E-02
   6.84501529E-02
   6.80975243E-02
   6.77656159E-02
   6.74538910E-02
   6.71611503E-02
   6.68867752E-02
   6.66269436E-02
   6.63845092E-02
   6.61564767E-02
   6.59419298E-02
   6.57408312E-02
   6.55525550E-02
   6.53739423E-02
   6.52068555E-02
   6.50499761E-02
   6.49025664E-02
   6.47636950E-02
   6.46323264E-02
   6.45109713E-02
   6.43962324E-02
   6.42885789E-02
   6.41865879E-02
   6.40916899E-02
   6.40020669E-02
   6.39174506E-02
   6.38397038E-02
   6.37637302E-02
   6.36946559E-02
   6.36289641E-02
   6.35670573E-02
   6.35093674E-02
   6.34550154E-02
   6.34020567E-02
   6.33547455E-02
   6.33104965E-02
   6.32672682E-02
   6.32275790E-02
   6.31896481E-02
   6.31549880E-02
   6.31224215E-02
   6.30901158E-02
   6.30605668E-02
   6.30337000E-02
   6.30088374E-02
   6.29842281E-02
   6.29608929E-02
   6.29401654E-02
   6.29190207E-02
   6.29004091E-02
   6.28821105E-02
   6.28664792E-02
   6.28502443E-02
   6.28354847E-02
   6.28213957E-02
   6.28088117E-02
   6.27965704E-02
   6.27845749E-02
   6.27744794E-02
   6.27645254E-02
   6.27542809E-02
   6.27448261E-02
   6.27366528E-02
   6.27292693E-02
   6.27219751E-02
   6.27146661E-02
   6.27082586E-02
   6.27018362E-02
   6.26965016E-02
   6.26897588E-02
   6.26862124E-02
   6.26807734E-02
   6.26768544E-02
   6.26717508E-02
   6.26673847E-02
   6.26635328E-02
   6.26598299E-02
   6.26581013E-02
   6.26544356E-02
   6.26505837E-02
   6.26483336E-02
   6.26457557E-02
   6.26431406E-02
   6.26412332E-02
   6.26382157E-02
   6.26372918E-02
   6.26342520E-02
   6.26330450E-02
   6.26315847E-02
   6.26294613E-02
   6.26289025E-02
   6.26271367E-02
   6.26247600E-02
   6.26249090E-02
   6.26231208E-02
   6.26229718E-02
   6.26211017E-02
   6.26194105E-02
   6.26189038E-02
   6.26181290E-02
   6.26177043E-02
   6.26173690E-02
   6.26165867E-02
   6.26156330E-02
   6.26148283E-02
   6.26143813E-02
   6.26138598E-02
   6.26133531E-02
   6.26130924E-02
   6.26131594E-02
   6.26128018E-02
   6.26115948E-02
   6.26109466E-02
   6.26113564E-02
   6.26108199E-02
   6.26101792E-02
   6.26102835E-02
   6.26095608E-02
   6.26096353E-02
   6.26085401E-02
   6.26088902E-02
   6.26092926E-02
   6.26086816E-02
   6.26078919E-02
   6.26082122E-02
   6.26074374E-02
