   2431403.00      -1586589.75    
   226698.734      -209407.109    
   19466.9941      -24973.1914    
  -912.203247      -1751.12085    
  -2021.52173      -377.931885    
  -2018.68188      -369.120178    
  -2010.42200      -365.895966    
  -2001.38867      -362.553406    
  -1991.56458      -359.124573    
  -1980.99097      -355.573853    
  -1969.66602      -351.921173    
  -1957.56006      -348.215576    
  -1944.72852      -344.414825    
  -1931.18909      -340.515594    
  -1916.93994      -336.545319    
  -1901.99402      -332.513275    
  -1886.37598      -328.413635    
  -1870.13318      -324.223969    
  -1853.25476      -319.981598    
  -1835.72668      -315.733063    
  -1817.66418      -311.377808    
  -1799.02393      -306.998535    
  -1779.85596      -302.569519    
  -1760.19165      -298.088623    
  -1740.03271      -293.588623    
  -1719.41125      -289.068176    
  -1698.37207      -284.511749    
  -1676.90552      -279.964355    
  -1655.12805      -275.331512    
  -1632.94727      -270.751831    
  -1610.48462      -266.126770    
  -1587.70850      -261.524597    
  -1564.67834      -256.916351    
  -1541.42114      -252.304535    
  -1517.95520      -247.704681    
  -1494.31396      -243.113892    
  -1470.50159      -238.558319    
  -1446.59631      -233.987274    
  -1422.56726      -229.463547    
  -1398.47095      -224.957336    
  -1374.32361      -220.481781    
  -1350.14172      -216.046265    
  -1325.97522      -211.624695    
  -1301.83374      -207.234940    
  -1277.69666      -202.925171    
  -1253.67017      -198.605072    
  -1229.69617      -194.361160    
  -1205.84302      -190.143875    
  -1182.10107      -185.983932    
  -1158.49927      -181.871201    
  -1135.02417      -177.840790    
  -1111.78308      -173.795837    
  -1088.66321      -169.873550    
  -1065.80896      -165.936600    
  -1043.10852      -162.120346    
  -1020.68744      -158.304321    
  -998.444214      -154.610504    
  -976.481873      -150.941254    
  -954.804688      -147.302826    
  -933.367432      -143.754730    
  -912.184448      -140.290726    
  -891.353943      -136.814545    
  -870.722107      -133.497864    
  -850.446472      -130.178497    
  -830.477173      -126.918839    
  -810.810059      -123.725571    
  -791.439819      -120.609085    
  -772.407715      -117.530945    
  -753.659973      -114.549095    
  -735.265259      -111.593689    
  -717.175842      -108.718216    
  -699.411011      -105.901917    
  -681.973816      -103.143265    
  -664.865723      -100.440536    
  -648.093750      -97.7857361    
  -631.643311      -95.1934738    
  -615.485901      -92.6903763    
  -599.701782      -90.1933136    
  -584.217041      -87.7754440    
  -569.052307      -85.4133530    
  -554.221008      -83.0915527    
  -539.685303      -80.8442230    
  -525.465149      -78.6469498    
  -511.541809      -76.5152130    
  -497.946289      -74.4148560    
  -484.660187      -72.3593979    
  -471.680634      -70.3479004    
  -458.974274      -68.4107590    
  -446.566284      -66.5145187    
  -434.460571      -64.6522903    
  -422.626465      -62.8498268    
  -411.075348      -61.0927658    
  -399.788849      -59.3899689    
  -388.819489      -57.6862526    
  -378.061584      -56.0828133    
  -367.587677      -54.5010033    
  -357.372192      -52.9610977    
  -347.431274      -51.4398918    
  -337.728333      -49.9706345    
  -328.247986      -48.5623207    
  -319.024445      -47.1745071    
  -310.052917      -45.8076859    
  -301.298798      -44.4915161    
  -292.781006      -43.2010727    
  -284.460571      -41.9684792    
  -276.364594      -40.7617531    
  -268.509888      -39.5604858    
  -260.813019      -38.4416809    
  -253.347717      -37.3256226    
  -246.110962      -36.2095642    
  -239.011032      -35.1833572    
  -232.133484      -34.1534462    
  -225.447144      -33.1453476    
  -218.933960      -32.1752090    
  -212.600708      -31.2277908    
  -206.431915      -30.3165874    
  -200.430450      -29.4314995    
  -194.615952      -28.5509148    
  -188.933304      -27.7222290    
  -183.412033      -26.9146442    
  -178.074936      -26.0989017    
  -172.854080      -25.3387547    
  -167.765808      -24.6127090    
  -162.881638      -23.8461475    
  -158.087234      -23.1507835    
  -153.426453      -22.4752483    
  -148.912537      -21.8048077    
  -144.537735      -21.1410294    
  -140.233292      -20.5517464    
  -136.120468      -19.9100742    
  -132.101120      -19.3105297    
  -128.185532      -18.7399483    
  -124.357941      -18.2086639    
  -120.686913      -17.6474876    
  -117.097237      -17.1271286    
  -113.624130      -16.6082745    
  -110.252884      -16.1033630    
  -106.950218      -15.6418238    
  -103.780106      -15.1561766    
  -100.686096      -14.7013197    
  -97.6803741      -14.2628603    
  -94.7573776      -13.8409615    
  -91.8993988      -13.4505243    
  -89.2014389      -12.9964390    
  -86.5191116      -12.6195612    
  -83.9121704      -12.2553339    
  -81.4198761      -11.8652954    
  -78.9711304      -11.5153255    
  -76.5948181      -11.1752262    
  -74.3050385      -10.8299217    
  -72.0746765      -10.5013456    
  -69.9045486      -10.1892147    
  -67.8105240      -9.87365627    
  -65.7489929      -9.59667683    
  -63.7993660      -9.27777863    
  -61.8774757      -8.99957752    
  -59.9972649      -8.74271774    
  -58.1709900      -8.49619293    
  -56.4282875      -8.22751141    
  -54.7281303      -7.97640371    
  -53.1035500      -7.70961475    
  -51.4853783      -7.49105930    
  -49.9092255      -7.28516865    
  -48.4435081      -7.02241707    
  -46.9566422      -6.83373880    
  -45.5406456      -6.62353563    
  -44.1757965      -6.41017771    
  -42.8211441      -6.23341799    
  -41.5192833      -6.05024099    
  -40.2683907      -5.85971355    
  -39.0575218      -5.67489433    
  -37.8656769      -5.51184177    
  -36.7014580      -5.36018753    
  -35.6101952      -5.17752075    
  -34.5178947      -5.03151703    
  -33.4801750      -4.86890030    
  -32.4711800      -4.71489143    
  -31.4796219      -4.57776022    
  -30.5356464      -4.42834282    
  -29.5853405      -4.31685829    
  -28.6983852      -4.17465305    
  -27.8326263      -4.04233646    
  -26.9943485      -3.91359568    
  -26.1683292      -3.79918313    
  -25.3849297      -3.67288423    
  -24.5935993      -3.57962608    
  -23.8499832      -3.46857977    
  -23.1197662      -3.36815810    
  -22.4086056      -3.27294803    
  -21.7419815      -3.15855694    
  -21.0639820      -3.07988524    
  -20.4624538      -2.94665527    
  -19.8156891      -2.88132858    
  -19.2052193      -2.80035162    
  -18.6279888      -2.70851135    
  -18.0844803      -2.60189700    
  -17.5102558      -2.54561234    
  -16.9735260      -2.47320795    
  -16.4584808      -2.39556718    
  -15.9647446      -2.31509066    
  -15.4668999      -2.25468349    
  -15.0238008      -2.15782118    
  -14.5447388      -2.11457539    
  -14.0882511      -2.06382990    
  -13.6595497      -1.99953926    
  -13.2562380      -1.92618787    
  -12.8439636      -1.87544942    
  -12.4581575      -1.81214619    
  -12.0782804      -1.75657976    
  -11.7160597      -1.69827485    
  -11.3638697      -1.64068580    
  -11.0200872      -1.58881247    
  -10.6834383      -1.54045665    
  -10.3474674      -1.50318503    
  -10.0232487      -1.46657622    
  -9.73007965      -1.40980649    
  -9.43591690      -1.36521649    
  -9.13821220      -1.33385682    
  -8.85249710      -1.29923892    
  -8.61268616      -1.22962213    
  -8.33147717      -1.20968318    
  -8.05411148      -1.19713879    
  -7.83540583      -1.13263702    
  -7.59226656      -1.10177565    
  -7.33665371      -1.09322417    
  -7.14463902      -1.02746797    
  -6.92223501     -0.999832749    
  -6.69639969     -0.983787119    
  -6.49525023     -0.950393915    
  -6.31516361     -0.903044403    
  -6.11440659     -0.884280622    
  -5.91523504     -0.869203329    
  -5.77009249     -0.808063805    
  -5.55473328     -0.821922123    
  -5.39945459     -0.782496989    
  -5.21913338     -0.773378611    
  -5.08685017     -0.723688364    
  -4.90538502     -0.727417588    
  -4.75937080     -0.702268600    
  -4.61894798     -0.675250053    
  -4.47408915     -0.657988191    
  -4.34181404     -0.632841229    
  -4.23254299     -0.590164781    
  -4.06581831     -0.609230161    
  -3.95963287     -0.572159052    
  -3.83401513     -0.559697747    
  -3.70145941     -0.558491766    
  -3.62466073     -0.504772246    
  -3.49091744     -0.511951566    
  -3.37575340     -0.503789425    
  -3.28646421     -0.475198954    
  -3.18550706     -0.461061895    
  -3.08764124     -0.448255211    
  -2.98945928     -0.436497271    
  -2.89463377     -0.427802235    
  -2.80631709     -0.414597899    
  -2.73695612     -0.385568649    
  -2.63207865     -0.395020366    
  -2.58062053     -0.354436278    
  -2.46187282     -0.381942064    
  -2.40686059     -0.350689411    
  -2.32737398     -0.345666915    
  -2.26333261     -0.329168826    
  -2.18235850     -0.328653425    
  -2.11684704     -0.318102986    
  -2.06181669     -0.298256934    
  -1.99390948     -0.293971837    
  -1.93849742     -0.279257059    
  -1.86237049     -0.287161410    
  -1.83166969     -0.253041863    
  -1.75648558     -0.265226185    
  -1.71006238     -0.250271440    
  -1.65629566     -0.243601650    
  -1.59034157     -0.253066421    
  -1.55390739     -0.232799262    
  -1.51141119     -0.220409438    
  -1.45784867     -0.221410871    
  -1.40516567     -0.221296385    
  -1.38533580     -0.190607205    
  -1.32612216     -0.202727869    
  -1.30700564     -0.174577817    
  -1.26107502     -0.176209182    
  -1.22947335     -0.162661687    
  -1.17733932     -0.172895625    
  -1.13192046     -0.177194566    
  -1.11035800     -0.158699900    
  -1.07631791     -0.153571323    
  -1.05297720     -0.140015066    
  -1.00397348     -0.152557716    
 -0.986757696     -0.133992612    
 -0.939458787     -0.146765143    
 -0.931749165     -0.120408162    
 -0.900034964     -0.119505003    
 -0.864001036     -0.124845371    
 -0.842228413     -0.115947425    
 -0.800149679     -0.129523888    
 -0.790591955     -0.109555006    
 -0.747896194     -0.124609977    
 -0.747942209      -9.92944092E-02
 -0.725102961      -9.53197256E-02
 -0.699054599      -9.63540375E-02
 -0.687296033      -8.37398693E-02
 -0.659856379      -8.71160328E-02
 -0.614606798     -0.108764134    
 -0.605192840      -9.63858441E-02
 -0.611716151      -6.85119629E-02
 -0.589359164      -7.09339976E-02
 -0.556867182      -8.26015919E-02
