  -3.55705130E-03   1.11462353E-02
  -3.61539074E-03   1.12631405E-02
  -7.34244846E-03   2.27419063E-02
  -1.51397577E-02   4.63517271E-02
  -3.21632847E-02   9.62111503E-02
  -7.23427460E-02  0.206601277    
 -0.179496884      0.468026131    
 -0.477382302       1.06573331    
 -0.488803238       1.24425113    
  -4.58402224E-02   5.40768020E-02
  -4.12954167E-02  -2.04037968E-03
  -4.12240066E-02  -5.22934832E-03
  -4.08385023E-02  -5.30887954E-03
  -4.02045138E-02  -5.24918549E-03
  -3.94493453E-02  -5.16911875E-03
  -3.86397392E-02  -5.07878698E-03
  -3.78089882E-02  -4.98379767E-03
  -3.69735658E-02  -4.88691637E-03
  -3.61416787E-02  -4.79008676E-03
  -3.53174470E-02  -4.69314540E-03
  -3.45029943E-02  -4.59731556E-03
  -3.36994492E-02  -4.50201565E-03
  -3.29075046E-02  -4.40705707E-03
  -3.21274959E-02  -4.31365194E-03
  -3.13597396E-02  -4.22084890E-03
  -3.06044146E-02  -4.12925752E-03
  -2.98616644E-02  -4.03807592E-03
  -2.91315615E-02  -3.94928129E-03
  -2.84142569E-02  -3.86054302E-03
  -2.77097691E-02  -3.77358962E-03
  -2.70181317E-02  -3.68747627E-03
  -2.63394099E-02  -3.60284792E-03
  -2.56735738E-02  -3.51893110E-03
  -2.50206199E-02  -3.43695446E-03
  -2.43805461E-02  -3.35560413E-03
  -2.37532742E-02  -3.27627687E-03
  -2.31387839E-02  -3.19800666E-03
  -2.25369707E-02  -3.12056765E-03
  -2.19478086E-02  -3.04537662E-03
  -2.13711541E-02  -2.96987710E-03
  -2.08069328E-02  -2.89756223E-03
  -2.02550422E-02  -2.82542990E-03
  -1.97153389E-02  -2.75578303E-03
  -1.91877317E-02  -2.68608960E-03
  -1.86720248E-02  -2.61829421E-03
  -1.81681309E-02  -2.55192886E-03
  -1.76759046E-02  -2.48663942E-03
  -1.71951428E-02  -2.42272881E-03
  -1.67257283E-02  -2.36011087E-03
  -1.62674598E-02  -2.29927618E-03
  -1.58202220E-02  -2.23905640E-03
  -1.53838014E-02  -2.18049204E-03
  -1.49580259E-02  -2.12330860E-03
  -1.45427231E-02  -2.06668139E-03
  -1.41377151E-02  -2.01269542E-03
  -1.37428101E-02  -1.95836020E-03
  -1.33578377E-02  -1.90630544E-03
  -1.29826255E-02  -1.85485673E-03
  -1.26169575E-02  -1.80482725E-03
  -1.22606773E-02  -1.75588171E-03
  -1.19135687E-02  -1.70856505E-03
  -1.15754576E-02  -1.66157377E-03
  -1.12462025E-02  -1.61599985E-03
  -1.09255733E-02  -1.57158507E-03
  -1.06133828E-02  -1.52858894E-03
  -1.03094773E-02  -1.48596661E-03
  -1.00136548E-02  -1.44505501E-03
  -9.72574949E-03  -1.40446902E-03
  -9.44556762E-03  -1.36585068E-03
  -9.17296670E-03  -1.32751768E-03
  -8.90775025E-03  -1.29016640E-03
  -8.64976086E-03  -1.25382678E-03
  -8.39878991E-03  -1.21866213E-03
  -8.15471262E-03  -1.18389877E-03
  -7.91734550E-03  -1.15055812E-03
  -7.68653350E-03  -1.11795939E-03
  -7.46211596E-03  -1.08564028E-03
  -7.24395365E-03  -1.05484691E-03
  -7.03184493E-03  -1.02509477E-03
  -6.82569435E-03  -9.95428534E-04
  -6.62531145E-03  -9.66652879E-04
  -6.43055560E-03  -9.39370424E-04
  -6.24131085E-03  -9.12344316E-04
  -6.05741609E-03  -8.85646383E-04
  -5.87873347E-03  -8.60511151E-04
  -5.70511352E-03  -8.35183833E-04
  -5.53646544E-03  -8.10871308E-04
  -5.37260389E-03  -7.87023746E-04
  -5.21343248E-03  -7.64334109E-04
  -5.05883340E-03  -7.42214790E-04
  -4.90868697E-03  -7.20283773E-04
  -4.76286048E-03  -6.99474243E-04
  -4.62124357E-03  -6.78987068E-04
  -4.48371470E-03  -6.59091747E-04
  -4.35015513E-03  -6.39920239E-04
  -4.22047731E-03  -6.20913110E-04
  -4.09454899E-03  -6.02886896E-04
  -3.97231337E-03  -5.85279195E-04
  -3.85361817E-03  -5.68110205E-04
  -3.73840448E-03  -5.51156525E-04
  -3.62654054E-03  -5.34641498E-04
  -3.51798511E-03  -5.18864545E-04
  -3.41256009E-03  -5.03747375E-04
  -3.31025547E-03  -4.88866237E-04
  -3.21096065E-03  -4.73986438E-04
  -3.11457203E-03  -4.60178562E-04
  -3.02106631E-03  -4.46610880E-04
  -2.93025514E-03  -4.32626170E-04
  -2.84217275E-03  -4.20512864E-04
  -2.75669526E-03  -4.07629792E-04
  -2.67373770E-03  -3.95355019E-04
  -2.59321602E-03  -3.83727660E-04
  -2.51512136E-03  -3.72251787E-04
  -2.43932311E-03  -3.60915903E-04
  -2.36575212E-03  -3.50379414E-04
  -2.29440816E-03  -3.39644728E-04
  -2.22515664E-03  -3.29732226E-04
  -2.15798849E-03  -3.20309104E-04
  -2.09281384E-03  -3.09974421E-04
  -2.02958938E-03  -3.00990534E-04
  -1.96825690E-03  -2.91715813E-04
  -1.90874585E-03  -2.83180620E-04
  -1.85101607E-03  -2.74524849E-04
  -1.79501704E-03  -2.66173913E-04
  -1.74068543E-03  -2.58413958E-04
  -1.68800447E-03  -2.50629004E-04
  -1.63689465E-03  -2.42779643E-04
  -1.58729532E-03  -2.35713087E-04
  -1.53921614E-03  -2.28658057E-04
  -1.49254617E-03  -2.21460228E-04
  -1.44729961E-03  -2.15305961E-04
  -1.40341115E-03  -2.08149722E-04
  -1.36084598E-03  -2.02029725E-04
  -1.31958222E-03  -1.95962144E-04
  -1.27952755E-03  -1.90174236E-04
  -1.24070118E-03  -1.84319433E-04
  -1.20302674E-03  -1.78624905E-04
  -1.16649992E-03  -1.73157066E-04
  -1.13107183E-03  -1.68343278E-04
  -1.09671196E-03  -1.63303601E-04
  -1.06339972E-03  -1.58532741E-04
  -1.03107316E-03  -1.53354180E-04
  -9.99729848E-04  -1.48592764E-04
  -9.69349232E-04  -1.44080404E-04
  -9.39856283E-04  -1.39909025E-04
  -9.11289011E-04  -1.35753638E-04
  -8.83565750E-04  -1.31448978E-04
  -8.56693892E-04  -1.27307649E-04
  -8.30624136E-04  -1.23753794E-04
  -8.05333315E-04  -1.19778008E-04
  -7.80833827E-04  -1.16350922E-04
  -7.57057685E-04  -1.12533278E-04
  -7.33995985E-04  -1.09572327E-04
  -7.11662404E-04  -1.05710409E-04
  -6.89987559E-04  -1.02649850E-04
  -6.68982277E-04  -9.96829476E-05
  -6.48599118E-04  -9.66260777E-05
  -6.28839887E-04  -9.35380376E-05
  -6.09690964E-04  -9.10314702E-05
  -5.91084012E-04  -8.77908606E-05
  -5.73087891E-04  -8.56120751E-05
  -5.55613311E-04  -8.26182295E-05
  -5.38696884E-04  -8.04350784E-05
  -5.22275048E-04  -7.75674343E-05
  -5.06350363E-04  -7.54034045E-05
  -4.90918464E-04  -7.30950633E-05
  -4.75940673E-04  -7.12571200E-05
  -4.61429998E-04  -6.90246670E-05
  -4.47344588E-04  -6.65848638E-05
  -4.33704932E-04  -6.42245432E-05
  -4.20467550E-04  -6.29021306E-05
  -4.07639600E-04  -6.06164394E-05
  -3.95209587E-04  -5.89202173E-05
  -3.83158564E-04  -5.69779659E-05
  -3.71464877E-04  -5.56561245E-05
  -3.60123260E-04  -5.36599255E-05
  -3.49143316E-04  -5.17520748E-05
  -3.38489364E-04  -5.02150651E-05
  -3.28163558E-04  -4.91009159E-05
  -3.18156730E-04  -4.75727975E-05
  -3.08429328E-04  -4.56852758E-05
  -2.99021136E-04  -4.46246486E-05
  -2.89919262E-04  -4.29049287E-05
  -2.81046436E-04  -4.18919444E-05
  -2.72485195E-04  -4.06449799E-05
  -2.64169968E-04  -3.95374482E-05
  -2.56102183E-04  -3.81335740E-05
  -2.48276978E-04  -3.69384907E-05
  -2.40710360E-04  -3.61009843E-05
  -2.33336992E-04  -3.47175555E-05
  -2.26235294E-04  -3.36196354E-05
  -2.19315305E-04  -3.24080975E-05
  -2.12626794E-04  -3.19640822E-05
  -2.06132769E-04  -3.07113987E-05
  -1.99855611E-04  -2.98767627E-05
  -1.93746935E-04  -2.88161700E-05
  -1.87824873E-04  -2.80261647E-05
  -1.82095027E-04  -2.73456681E-05
  -1.76531961E-04  -2.64255123E-05
  -1.71149368E-04  -2.56373369E-05
  -1.65901292E-04  -2.47114185E-05
  -1.60842057E-04  -2.40740774E-05
  -1.55935690E-04  -2.33616011E-05
  -1.51165339E-04  -2.23308780E-05
  -1.46545557E-04  -2.20550282E-05
  -1.42098303E-04  -2.11861625E-05
  -1.37735406E-04  -2.09182999E-05
  -1.33533002E-04  -1.98691323E-05
  -1.29461405E-04  -1.91181061E-05
  -1.25506514E-04  -1.86480465E-05
  -1.21662677E-04  -1.81818250E-05
  -1.17969466E-04  -1.77745533E-05
  -1.14353010E-04  -1.71842530E-05
  -1.10832530E-04  -1.65586916E-05
  -1.07484797E-04  -1.57875729E-05
  -1.04192331E-04  -1.56351707E-05
  -1.01000966E-04  -1.48908248E-05
  -9.79038959E-05  -1.49173329E-05
  -9.49346795E-05  -1.42630788E-05
  -9.20130842E-05  -1.34722277E-05
  -8.92264652E-05  -1.35821856E-05
  -8.65037655E-05  -1.32769346E-05
  -8.38498163E-05  -1.21896164E-05
  -8.12910512E-05  -1.19290607E-05
  -7.88117104E-05  -1.19487859E-05
  -7.64173456E-05  -1.12069811E-05
  -7.40730175E-05  -1.10429364E-05
  -7.18301962E-05  -1.06813723E-05
  -6.96175121E-05  -1.05559075E-05
  -6.74833937E-05  -1.02249151E-05
  -6.54232717E-05  -9.79736069E-06
  -6.34273893E-05  -9.25318909E-06
  -6.14817764E-05  -9.39509573E-06
  -5.96161663E-05  -8.78962692E-06
  -5.77841820E-05  -8.78983155E-06
  -5.60227891E-05  -8.41637120E-06
  -5.43238057E-05  -8.08891400E-06
  -5.26671211E-05  -8.03578587E-06
  -5.10486680E-05  -7.30503734E-06
  -4.94998167E-05  -7.68088103E-06
  -4.79740011E-05  -7.26831558E-06
  -4.65111152E-05  -6.97129008E-06
  -4.50734442E-05  -6.64879735E-06
  -4.36815899E-05  -6.57899272E-06
  -4.23405909E-05  -6.21338995E-06
  -4.10571083E-05  -6.12229542E-06
  -3.98079173E-05  -5.76625007E-06
  -3.85868334E-05  -5.90928494E-06
  -3.74096489E-05  -5.66657218E-06
  -3.62740429E-05  -5.34080482E-06
  -3.51589406E-05  -5.19138030E-06
  -3.40960141E-05  -5.23222798E-06
  -3.30292460E-05  -4.69759152E-06
  -3.20287982E-05  -4.79502751E-06
  -3.10749529E-05  -4.77419326E-06
  -3.01015752E-05  -4.32426668E-06
  -2.91861452E-05  -4.62481330E-06
  -2.83094287E-05  -4.10023449E-06
  -2.74389186E-05  -3.59366209E-06
  -2.65926919E-05  -3.99066539E-06
  -2.57715037E-05  -4.08515052E-06
  -2.49938912E-05  -3.49213929E-06
  -2.42447240E-05  -3.68880274E-06
  -2.34756390E-05  -3.27047428E-06
  -2.27819437E-05  -3.38414725E-06
  -2.20854272E-05  -3.37012852E-06
  -2.14172269E-05  -3.20101617E-06
  -2.07481498E-05  -2.98758232E-06
  -2.01180956E-05  -3.17772765E-06
  -1.94879176E-05  -2.68465487E-06
  -1.89053408E-05  -2.67774362E-06
  -1.83240354E-05  -2.64343953E-06
  -1.77511829E-05  -2.27923033E-06
  -1.72271320E-05  -2.56160411E-06
  -1.66766331E-05  -2.57726106E-06
  -1.61854787E-05  -2.58216005E-06
  -1.56885671E-05  -2.71303679E-06
  -1.52067569E-05  -2.08770507E-06
  -1.47424216E-05  -2.32710318E-06
  -1.42926538E-05  -1.96853398E-06
  -1.38597998E-05  -2.17518209E-06
  -1.34324782E-05  -1.72791806E-06
  -1.30302415E-05  -1.97059171E-06
  -1.26348768E-05  -1.75077935E-06
  -1.22542842E-05  -1.84603061E-06
  -1.18592197E-05  -1.63281265E-06
  -1.14898312E-05  -1.83547866E-06
  -1.11629706E-05  -1.72860678E-06
  -1.08302247E-05  -1.37312236E-06
  -1.04951469E-05  -1.55092039E-06
  -1.01685491E-05  -1.47441153E-06
  -9.86031500E-06  -1.46401692E-06
