   183549200.      -21627170.0    
  -21627170.0       3448405.25    
   18877492.0      -3254813.00    
  -3254813.00       767457.562    
   2684647.50      -644099.312    
  -644099.312       213755.219    
   747238.938      -224940.766    
  -224940.766       94006.3672    
   457485.656      -153299.656    
  -153299.656       70495.2266    
   401704.875      -141709.344    
  -141709.344       67778.8438    
   370571.250      -136343.625    
  -136343.625       67489.8203    
   343472.125      -131487.656    
  -131487.656       67366.7344    
   319320.562      -126940.242    
  -126940.242       67264.7812    
   297754.312      -122691.211    
  -122691.211       67153.3125    
   278464.438      -118727.812    
  -118727.812       67020.6172    
   261180.812      -115034.727    
  -115034.727       66863.4609    
   245667.094      -111595.641    
  -111595.641       66682.7188    
   231716.312      -108393.977    
  -108393.977       66480.9531    
   219147.578      -105413.656    
  -105413.656       66261.5547    
   207802.188      -102639.008    
  -102639.008       66027.8359    
   197541.625      -100055.352    
  -100055.352       65783.1250    
   188243.609      -97648.4922    
  -97648.4922       65530.2734    
   179801.578      -95405.3672    
  -95405.3672       65271.9531    
   172121.438      -93313.5625    
  -93313.5625       65010.4180    
   165120.859      -91361.6406    
  -91361.6406       64747.6289    
   158727.312      -89538.9297    
  -89538.9297       64485.1992    
   152876.688      -87835.4922    
  -87835.4922       64224.5234    
   147512.734      -86242.2109    
  -86242.2109       63966.7344    
   142585.875      -84750.7344    
  -84750.7344       63712.7617    
   138052.000      -83353.2656    
  -83353.2656       63463.3242    
   133872.453      -82042.7344    
  -82042.7344       63219.0352    
   130012.672      -80812.6328    
  -80812.6328       62980.3516    
   126442.188      -79656.9609    
  -79656.9609       62747.5938    
   123133.750      -78570.1797    
  -78570.1797       62521.0156    
   120063.188      -77547.2891    
  -77547.2891       62300.7695    
   117208.953      -76583.6562    
  -76583.6562       62086.9336    
   114551.773      -75675.0156    
  -75675.0156       61879.5508    
   112074.477      -74817.5547    
  -74817.5547       61678.6445    
   109761.578      -74007.6172    
  -74007.6172       61484.1016    
   107599.242      -73241.9609    
  -73241.9609       61295.9219    
   105575.000      -72517.6016    
  -72517.6016       61113.9727    
   103677.656      -71831.7500    
  -71831.7500       60938.1133    
   101896.930      -71181.7734    
  -71181.7734       60768.1992    
   100223.852      -70565.4219    
  -70565.4219       60604.1094    
   98650.0391      -69980.5078    
  -69980.5078       60445.6914    
   97168.0625      -69425.0078    
  -69425.0078       60292.7695    
   95771.0625      -68897.1406    
  -68897.1406       60145.2148    
   94452.8203      -68395.1172    
  -68395.1172       60002.8008    
   93207.5703      -67917.3359    
  -67917.3359       59865.3711    
   92030.3984      -67462.5000    
  -67462.5000       59732.8281    
   90916.4062      -67029.0625    
  -67029.0625       59604.9180    
   89861.3594      -66615.8672    
  -66615.8672       59481.5391    
   88861.3047      -66221.7578    
  -66221.7578       59362.5312    
   87912.6016      -65845.6094    
  -65845.6094       59247.7266    
   87011.9609      -65486.4336    
  -65486.4336       59136.9766    
   86156.2031      -65143.2539    
  -65143.2539       59030.1016    
   85342.6641      -64815.2500    
  -64815.2500       58927.0273    
   84568.6406      -64501.5664    
  -64501.5664       58827.5625    
   83831.6953      -64201.4336    
  -64201.4336       58731.5938    
   83129.7344      -63914.2031    
  -63914.2031       58639.0117    
   82460.5469      -63639.1016    
  -63639.1016       58549.6406    
   81822.3281      -63375.5898    
  -63375.5898       58463.4141    
   81213.2812      -63123.0391    
  -63123.0391       58380.1797    
   80631.6875      -62880.9023    
  -62880.9023       58299.8438    
   80076.1094      -62648.6914    
  -62648.6914       58222.3008    
   79545.0625      -62425.8867    
  -62425.8867       58147.4219    
   79037.2500      -62212.0664    
  -62212.0664       58075.1602    
   78551.4062      -62006.7617    
  -62006.7617       58005.3672    
   78086.3906      -61809.5938    
  -61809.5938       57937.9727    
   77641.1094      -61620.1953    
  -61620.1953       57872.9219    
   77214.5156      -61438.1602    
  -61438.1602       57810.0508    
   76805.7109      -61263.1953    
  -61263.1953       57749.3398    
   76413.7422      -61094.9375    
  -61094.9375       57690.6836    
   76037.8438      -60933.1445    
  -60933.1445       57634.0273    
   75677.1641      -60777.4492    
  -60777.4492       57579.2734    
   75331.0703      -60627.6836    
  -60627.6836       57526.4141    
   74998.6953      -60483.4883    
  -60483.4883       57475.2852    
   74679.5781      -60344.7148    
  -60344.7148       57425.9219    
   74372.9453      -60211.0430    
  -60211.0430       57378.1719    
   74078.2812      -60082.2930    
  -60082.2930       57332.0195    
   73795.0312      -59958.2773    
  -59958.2773       57287.4414    
   73522.6797      -59838.7695    
  -59838.7695       57244.3203    
   73260.7656      -59723.6055    
  -59723.6055       57202.6406    
   73008.7969      -59612.6094    
  -59612.6094       57162.3477    
   72766.3047      -59505.5742    
  -59505.5742       57123.3906    
   72532.8750      -59402.3320    
  -59402.3320       57085.6836    
   72308.1641      -59302.7930    
  -59302.7930       57049.2578    
   72091.8281      -59206.8086    
  -59206.8086       57014.0391    
   71883.3594      -59114.1328    
  -59114.1328       56979.9219    
   71682.6250      -59024.7617    
  -59024.7617       56946.9609    
   71489.1484      -58938.5039    
  -58938.5039       56915.0664    
   71302.7188      -58855.2500    
  -58855.2500       56884.2383    
   71123.0234      -58774.8984    
  -58774.8984       56854.4062    
   70949.7188      -58697.2852    
  -58697.2852       56825.5195    
   70782.6328      -58622.3516    
  -58622.3516       56797.5898    
   70621.5234      -58550.0117    
  -58550.0117       56770.5664    
   70466.0625      -58480.1250    
  -58480.1250       56744.3945    
   70316.1172      -58412.6172    
  -58412.6172       56719.0820    
   70171.3984      -58347.4023    
  -58347.4023       56694.5859    
   70031.7734      -58284.4062    
  -58284.4062       56670.8984    
   69896.9766      -58223.5273    
  -58223.5273       56647.9453    
   69766.8672      -58164.6914    
  -58164.6914       56625.7383    
   69641.2422      -58107.8203    
  -58107.8203       56604.2305    
   69519.9531      -58052.8789    
  -58052.8789       56583.4375    
   69402.7969      -57999.7500    
  -57999.7500       56563.2969    
   69289.6953      -57948.3945    
  -57948.3945       56543.7930    
   69180.4141      -57898.7500    
  -57898.7500       56524.9258    
   69074.8828      -57850.7656    
  -57850.7656       56506.6680    
   68972.8281      -57804.3047    
  -57804.3047       56488.9453    
   68874.2891      -57759.4219    
  -57759.4219       56471.8242    
   68779.0703      -57716.0195    
  -57716.0195       56455.2422    
   68687.0234      -57674.0156    
  -57674.0156       56439.1719    
   68598.0625      -57633.4102    
  -57633.4102       56423.6328    
   68512.0391      -57594.0977    
  -57594.0977       56408.5547    
   68428.9219      -57556.0859    
  -57556.0859       56393.9766    
   68348.5547      -57519.3281    
  -57519.3281       56379.8789    
   68270.8047      -57483.7227    
  -57483.7227       56366.1680    
   68195.6875      -57449.3203    
  -57449.3203       56352.9414    
   68122.9609      -57415.9805    
  -57415.9805       56340.0977    
   68052.6953      -57383.7539    
  -57383.7539       56327.6797    
   67984.7109      -57352.5391    
  -57352.5391       56315.6289    
   67918.9297      -57322.3438    
  -57322.3438       56303.9766    
   67855.3672      -57293.1367    
  -57293.1367       56292.6836    
   67793.8516      -57264.8594    
  -57264.8594       56281.7695    
   67734.2891      -57237.4727    
  -57237.4727       56271.1562    
   67676.6797      -57210.9609    
  -57210.9609       56260.8867    
   67620.9609      -57185.3125    
  -57185.3125       56250.9453    
   67567.0469      -57160.4727    
  -57160.4727       56241.3242    
   67514.8516      -57136.4297    
  -57136.4297       56231.9922    
   67464.3438      -57113.1484    
  -57113.1484       56222.9531    
   67415.5078      -57090.6328    
  -57090.6328       56214.2266    
   67368.1641      -57068.7969    
  -57068.7969       56205.7188    
   67322.4141      -57047.6680    
  -57047.6680       56197.5078    
   67278.0625      -57027.1953    
  -57027.1953       56189.5352    
   67235.1953      -57007.4023    
  -57007.4023       56181.8359    
   67193.6328      -56988.1992    
  -56988.1992       56174.3633    
   67153.4531      -56969.6328    
  -56969.6328       56167.1211    
   67114.4922      -56951.6133    
  -56951.6133       56160.0859    
   67076.8594      -56934.2109    
  -56934.2109       56153.3086    
   67040.3594      -56917.3125    
  -56917.3125       56146.7109    
   67004.9922      -56900.9414    
  -56900.9414       56140.3086    
   66970.8203      -56885.1289    
  -56885.1289       56134.1445    
   66937.7109      -56869.8086    
  -56869.8086       56128.1562    
   66905.6328      -56854.9414    
  -56854.9414       56122.3398    
   66874.5469      -56840.5391    
  -56840.5391       56116.7031    
   66844.5078      -56826.6250    
  -56826.6250       56111.2812    
   66815.3125      -56813.0898    
  -56813.0898       56105.9688    
   66787.1328      -56800.0195    
  -56800.0195       56100.8555    
   66759.8281      -56787.3594    
  -56787.3594       56095.8984    
   66733.3516      -56775.0742    
  -56775.0742       56091.0742    
   66707.7422      -56763.1836    
  -56763.1836       56086.4180    
   66682.8750      -56751.6602    
  -56751.6602       56081.9180    
   66658.8359      -56740.5000    
  -56740.5000       56077.5391    
   66635.5625      -56729.7031    
  -56729.7031       56073.3008    
   66612.9922      -56719.2188    
  -56719.2188       56069.1797    
   66591.1484      -56709.0781    
  -56709.0781       56065.2070    
   66569.9766      -56699.2344    
  -56699.2344       56061.3438    
   66549.4219      -56689.6680    
  -56689.6680       56057.5664    
   66529.5781      -56680.4648    
  -56680.4648       56053.9688    
   66510.3203      -56671.5078    
  -56671.5078       56050.4453    
   66491.6719      -56662.8398    
  -56662.8398       56047.0391    
   66473.6094      -56654.4375    
  -56654.4375       56043.7383    
   66456.0938      -56646.2930    
  -56646.2930       56040.5352    
   66439.1250      -56638.4062    
  -56638.4062       56037.4336    
   66422.7031      -56630.7812    
  -56630.7812       56034.4375    
   66406.7969      -56623.3906    
  -56623.3906       56031.5391    
   66391.3203      -56616.1641    
  -56616.1641       56028.6797    
   66376.4062      -56609.2266    
  -56609.2266       56025.9648    
   66361.9062      -56602.4805    
  -56602.4805       56023.2969    
   66347.8906      -56595.9648    
  -56595.9648       56020.7383    
   66334.2969      -56589.6406    
  -56589.6406       56018.2422    
   66321.1016      -56583.4883    
  -56583.4883       56015.8359    
   66308.3750      -56577.5781    
  -56577.5781       56013.5078    
   66295.9844      -56571.8047    
  -56571.8047       56011.2383    
   66284.0078      -56566.2227    
  -56566.2227       56009.0273    
   66272.3828      -56560.8008    
  -56560.8008       56006.8906    
   66261.1172      -56555.5469    
  -56555.5469       56004.8164    
   66250.2500      -56550.5000    
  -56550.5000       56002.8359    
   66239.6641      -56545.5742    
  -56545.5742       56000.8945    
   66229.4062      -56540.7891    
  -56540.7891       55999.0039    
   66219.4766      -56536.1562    
  -56536.1562       55997.1797    
   66209.8750      -56531.6875    
  -56531.6875       55995.4141    
   66200.5547      -56527.3359    
  -56527.3359       55993.7070    
   66191.4922      -56523.1172    
  -56523.1172       55992.0430    
   66182.7422      -56519.0273    
  -56519.0273       55990.4297    
   66174.2891      -56515.1055    
  -56515.1055       55988.8789    
   66166.0234      -56511.2305    
  -56511.2305       55987.3359    
   66158.0703      -56507.5352    
  -56507.5352       55985.9023    
   66150.3672      -56503.9453    
  -56503.9453       55984.4805    
   66142.8594      -56500.4609    
  -56500.4609       55983.0938    
   66135.6094      -56497.0703    
  -56497.0703       55981.7656    
   66128.6094      -56493.8086    
  -56493.8086       55980.4844    
   66121.7578      -56490.6094    
  -56490.6094       55979.2148    
   66115.1328      -56487.5195    
  -56487.5195       55977.9883    
   66108.7578      -56484.5391    
  -56484.5391       55976.8125    
   66102.5469      -56481.6406    
  -56481.6406       55975.6719    
   66096.5156      -56478.8398    
  -56478.8398       55974.5664    
   66090.6953      -56476.1250    
  -56476.1250       55973.4961    
   66085.0547      -56473.4883    
  -56473.4883       55972.4414    
   66079.5781      -56470.9375    
  -56470.9375       55971.4492    
   66074.2734      -56468.4648    
  -56468.4648       55970.4727    
   66069.1094      -56466.0469    
  -56466.0469       55969.5156    
   66064.1250      -56463.7148    
  -56463.7148       55968.5859    
   66059.2891      -56461.4688    
  -56461.4688       55967.7070    
   66054.6406      -56459.3086    
  -56459.3086       55966.8633    
   66050.0859      -56457.1758    
  -56457.1758       55966.0117    
   66045.7109      -56455.1250    
  -56455.1250       55965.2031    
   66041.4141      -56453.1367    
  -56453.1367       55964.4141    
   66037.2891      -56451.2148    
  -56451.2148       55963.6641    
   66033.2891      -56449.3359    
  -56449.3359       55962.9102    
   66029.3984      -56447.5234    
  -56447.5234       55962.1953    
   66025.6172      -56445.7461    
  -56445.7461       55961.4922    
   66021.9922      -56444.0664    
  -56444.0664       55960.8398    
   66018.4219      -56442.3984    
  -56442.3984       55960.1719    
   66014.9844      -56440.7969    
  -56440.7969       55959.5312    
   66011.6641      -56439.2500    
  -56439.2500       55958.9258    
   66008.4453      -56437.7344    
  -56437.7344       55958.3203    
   66005.3359      -56436.2930    
  -56436.2930       55957.7539    
   66002.2812      -56434.8555    
  -56434.8555       55957.1797    
   65999.3906      -56433.5391    
  -56433.5391       55956.6797    
   65996.5156      -56432.1562    
  -56432.1562       55956.1133    
   65993.7891      -56430.9023    
  -56430.9023       55955.6094    
   65991.1016      -56429.6367    
  -56429.6367       55955.1367    
   65988.4922      -56428.4219    
  -56428.4219       55954.6406    
   65986.0078      -56427.2617    
  -56427.2617       55954.1797    
   65983.5625      -56426.1172    
  -56426.1172       55953.7266    
   65981.1953      -56425.0117    
  -56425.0117       55953.2891    
   65978.9219      -56423.9531    
  -56423.9531       55952.8828    
   65976.7109      -56422.9180    
  -56422.9180       55952.4688    
   65974.5391      -56421.9102    
  -56421.9102       55952.0742    
   65972.4766      -56420.9414    
  -56420.9414       55951.6797    
   65970.4297      -56419.9922    
  -56419.9922       55951.3125    
   65968.4609      -56419.0742    
  -56419.0742       55950.9492    
   65966.6016      -56418.2109    
  -56418.2109       55950.6055    
   65964.7500      -56417.3359    
  -56417.3359       55950.2578    
   65962.9609      -56416.5117    
  -56416.5117       55949.9414    
   65961.2344      -56415.7031    
  -56415.7031       55949.6211    
   65959.5547      -56414.9062    
  -56414.9062       55949.2969    
   65957.9375      -56414.1680    
  -56414.1680       55949.0156    
   65956.3672      -56413.4219    
  -56413.4219       55948.7188    
   65954.8359      -56412.7070    
  -56412.7070       55948.4375    
   65953.3438      -56412.0078    
  -56412.0078       55948.1484    
   65951.9297      -56411.3477    
  -56411.3477       55947.8984    
   65950.5234      -56410.6953    
  -56410.6953       55947.6289    
   65949.1953      -56410.0703    
  -56410.0703       55947.3789    
   65947.8750      -56409.4648    
  -56409.4648       55947.1523    
   65946.6094      -56408.8672    
  -56408.8672       55946.9141    
   65945.3594      -56408.2773    
  -56408.2773       55946.6797    
   65944.1719      -56407.7266    
  -56407.7266       55946.4570    
   65943.0469      -56407.1992    
  -56407.1992       55946.2578    
   65941.8984      -56406.6602    
  -56406.6602       55946.0234    
   65940.8359      -56406.1719    
  -56406.1719       55945.8477    
   65939.7812      -56405.6797    
  -56405.6797       55945.6445    
   65938.7734      -56405.2148    
  -56405.2148       55945.4688    
   65937.8047      -56404.7617    
  -56404.7617       55945.3008    
   65936.8125      -56404.2891    
  -56404.2891       55945.0938    
   65935.8906      -56403.8555    
  -56403.8555       55944.9297    
   65934.9766      -56403.4375    
  -56403.4375       55944.7617    
   65934.1328      -56403.0391    
  -56403.0391       55944.6055    
   65933.2812      -56402.6406    
  -56402.6406       55944.4492    
   65932.4688      -56402.2656    
  -56402.2656       55944.3008    
   65931.6484      -56401.8672    
  -56401.8672       55944.1406    
   65930.8984      -56401.5273    
  -56401.5273       55944.0039    
   65930.1250      -56401.1680    
  -56401.1680       55943.8594    
   65929.4375      -56400.8477    
  -56400.8477       55943.7344    
   65928.7031      -56400.4961    
  -56400.4961       55943.5898    
   65928.0547      -56400.2109    
  -56400.2109       55943.4961    
   65927.3906      -56399.8906    
  -56399.8906       55943.3633    
   65926.7266      -56399.5781    
  -56399.5781       55943.2344    
   65926.1250      -56399.3008    
  -56399.3008       55943.1211    
   65925.5156      -56399.0078    
  -56399.0078       55943.0000    
   65924.9219      -56398.7227    
  -56398.7227       55942.8906    
   65924.3594      -56398.4688    
  -56398.4688       55942.7969    
   65923.8359      -56398.2383    
  -56398.2383       55942.7031    
   65923.3047      -56397.9766    
  -56397.9766       55942.6016    
   65922.7891      -56397.7422    
  -56397.7422       55942.5195    
   65922.2891      -56397.5156    
  -56397.5156       55942.4258    
   65921.8047      -56397.2891    
  -56397.2891       55942.3320    
   65921.3438      -56397.0664    
  -56397.0664       55942.2344    
   65920.8438      -56396.8281    
  -56396.8281       55942.1602    
   65920.4609      -56396.6680    
  -56396.6680       55942.0938    
   65920.0078      -56396.4570    
  -56396.4570       55942.0078    
   65919.6250      -56396.2617    
  -56396.2617       55941.9258    
   65919.1953      -56396.0625    
  -56396.0625       55941.8398    
   65918.8203      -56395.8828    
  -56395.8828       55941.7812    
   65918.4375      -56395.7148    
  -56395.7148       55941.7148    
   65918.0625      -56395.5312    
  -56395.5312       55941.6328    
   65917.7266      -56395.3828    
  -56395.3828       55941.5781    
   65917.3672      -56395.2109    
  -56395.2109       55941.5078    
   65917.0469      -56395.0664    
  -56395.0664       55941.4609    
   65916.7109      -56394.9141    
  -56394.9141       55941.3984    
   65916.3906      -56394.7461    
  -56394.7461       55941.3281    
   65916.1094      -56394.6250    
  -56394.6250       55941.2812    
   65915.7734      -56394.4648    
  -56394.4648       55941.2188    
   65915.5312      -56394.3555    
  -56394.3555       55941.1914    
   65915.2031      -56394.1953    
  -56394.1953       55941.1016    
   65914.9688      -56394.0938    
  -56394.0938       55941.0703    
   65914.7266      -56393.9766    
  -56393.9766       55941.0234    
   65914.4375      -56393.8281    
  -56393.8281       55940.9531    
   65914.2266      -56393.7500    
  -56393.7500       55940.9336    
   65913.9922      -56393.6367    
  -56393.6367       55940.8945    
   65913.7656      -56393.5195    
  -56393.5195       55940.8398    
   65913.5312      -56393.4141    
  -56393.4141       55940.7969    
   65913.3125      -56393.3047    
  -56393.3047       55940.7578    
   65913.0938      -56393.2070    
  -56393.2070       55940.7070    
   65912.8984      -56393.1133    
  -56393.1133       55940.6797    
   65912.7109      -56393.0352    
  -56393.0352       55940.6445    
   65912.5391      -56392.9570    
  -56392.9570       55940.6250    
   65912.3281      -56392.8594    
  -56392.8594       55940.5898    
   65912.1250      -56392.7578    
  -56392.7578       55940.5312    
   65911.9766      -56392.6875    
  -56392.6875       55940.5195    
   65911.8281      -56392.6172    
  -56392.6172       55940.4805    
