   1000092.56      -278.367462    
  -278.367462       1000902.69    
   1000095.81      -286.428070    
  -286.428070       1000923.44    
   500099.188      -294.765533    
  -294.765533       500944.750    
   250106.297      -312.203125    
  -312.203125       250988.969    
   125122.156      -350.351044    
  -350.351044       126084.000    
   62661.5781      -441.718475    
  -441.718475       63803.4766    
   31533.8984      -704.421814    
  -704.421814       33139.1133    
   16501.1777      -1788.14844    
  -1788.14844       19582.3008    
   14632.0000      -9677.54785    
  -9677.54785       22845.8945    
   45807.8984      -42899.8867    
  -42899.8867       52504.5000    
   47266.5859      -45683.9453    
  -45683.9453       52968.5664    
   46838.2656      -46045.4961    
  -46045.4961       52232.7344    
   46736.9375      -46269.3438    
  -46269.3438       51861.0156    
   46875.2188      -46487.9648    
  -46487.9648       51728.2578    
   47134.2578      -46704.7070    
  -46704.7070       51715.9180    
   47451.9023      -46919.0078    
  -46919.0078       51762.7734    
   47797.0234      -47130.5820    
  -47130.5820       51838.1719    
   48153.9844      -47339.2969    
  -47339.2969       51926.8867    
   48514.9141      -47545.0156    
  -47545.0156       52021.2148    
   48875.7812      -47747.7031    
  -47747.7031       52117.3477    
   49234.5742      -47947.3203    
  -47947.3203       52213.4141    
   49590.1641      -48143.8047    
  -48143.8047       52308.4258    
   49941.9688      -48337.1328    
  -48337.1328       52401.9102    
   50289.6875      -48527.3320    
  -48527.3320       52493.7109    
   50633.0703      -48714.3359    
  -48714.3359       52583.6406    
   50971.9648      -48898.1641    
  -48898.1641       52671.7188    
   51306.2734      -49078.7891    
  -49078.7891       52757.8828    
   51635.9648      -49256.2578    
  -49256.2578       52842.2266    
   51960.8633      -49430.5000    
  -49430.5000       52924.6523    
   52280.9883      -49601.5742    
  -49601.5742       53005.2500    
   52596.2500      -49769.4492    
  -49769.4492       53084.0039    
   52906.6211      -49934.1562    
  -49934.1562       53160.9688    
   53212.0195      -50095.6797    
  -50095.6797       53236.1289    
   53512.4727      -50254.0859    
  -50254.0859       53309.5625    
   53807.9023      -50409.3164    
  -50409.3164       53381.2461    
   54098.3555      -50561.4766    
  -50561.4766       53451.2344    
   54383.7617      -50710.5312    
  -50710.5312       53519.5430    
   54664.1016      -50856.5000    
  -50856.5000       53586.1992    
   54939.4297      -50999.4531    
  -50999.4531       53651.2305    
   55209.6445      -51139.3203    
  -51139.3203       53714.6406    
   55474.9297      -51276.2852    
  -51276.2852       53776.5039    
   55735.1094      -51410.2227    
  -51410.2227       53836.8125    
   55990.3477      -51541.2930    
  -51541.2930       53895.6406    
   56240.5117      -51669.4102    
  -51669.4102       53952.9414    
   56485.7578      -51794.6875    
  -51794.6875       54008.7969    
   56726.0625      -51917.1523    
  -51917.1523       54063.2422    
   56961.4414      -52036.8203    
  -52036.8203       54116.2656    
   57191.9648      -52153.7227    
  -52153.7227       54167.9102    
   57417.6680      -52267.9375    
  -52267.9375       54218.2266    
   57638.6055      -52379.4844    
  -52379.4844       54267.2266    
   57854.7617      -52488.3789    
  -52488.3789       54314.9375    
   58066.2500      -52594.7070    
  -52594.7070       54361.3828    
   58273.1016      -52698.4883    
  -52698.4883       54406.6172    
   58475.3242      -52799.7344    
  -52799.7344       54450.6094    
   58673.1133      -52898.5664    
  -52898.5664       54493.4570    
   58866.3086      -52994.9219    
  -52994.9219       54535.1094    
   59055.1523      -53088.9375    
  -53088.9375       54575.6680    
   59239.6016      -53180.5898    
  -53180.5898       54615.1172    
   59419.7852      -53269.9688    
  -53269.9688       54653.4883    
   59595.7305      -53357.1055    
  -53357.1055       54690.8164    
   59767.5469      -53442.0469    
  -53442.0469       54727.1328    
   59935.1875      -53524.7773    
  -53524.7773       54762.4141    
   60098.8203      -53605.4141    
  -53605.4141       54796.7344    
   60258.4766      -53683.9844    
  -53683.9844       54830.1172    
   60414.2891      -53760.5312    
  -53760.5312       54862.5703    
   60566.1914      -53835.0430    
  -53835.0430       54894.0898    
   60714.3906      -53907.6484    
  -53907.6484       54924.7578    
   60858.8438      -53978.3164    
  -53978.3164       54954.5508    
   60999.7070      -54047.1484    
  -54047.1484       54983.5312    
   61136.9961      -54114.1289    
  -54114.1289       55011.6680    
   61270.7930      -54179.3242    
  -54179.3242       55039.0039    
   61401.1680      -54242.7891    
  -54242.7891       55065.5742    
   61528.2227      -54304.5508    
  -54304.5508       55091.3984    
   61651.9414      -54364.6211    
  -54364.6211       55116.4609    
   61772.4922      -54423.0977    
  -54423.0977       55140.8398    
   61889.8789      -54479.9570    
  -54479.9570       55164.4922    
   62004.1445      -54535.2656    
  -54535.2656       55187.4688    
   62115.4453      -54589.0664    
  -54589.0664       55209.7930    
   62223.8281      -54641.4258    
  -54641.4258       55231.4922    
   62329.2617      -54692.2891    
  -54692.2891       55252.5391    
   62431.8828      -54741.7656    
  -54741.7656       55272.9883    
   62531.8125      -54789.8945    
  -54789.8945       55292.8672    
   62628.9844      -54836.6445    
  -54836.6445       55312.1406    
   62723.5430      -54882.0977    
  -54882.0977       55330.8438    
   62815.5625      -54926.3125    
  -54926.3125       55349.0469    
   62905.0039      -54969.2266    
  -54969.2266       55366.6602    
   62992.0391      -55010.9570    
  -55010.9570       55383.7812    
   63076.6797      -55051.5195    
  -55051.5195       55400.4141    
   63159.0039      -55090.9453    
  -55090.9453       55416.5586    
   63239.0547      -55129.2461    
  -55129.2461       55432.2461    
   63316.8711      -55166.4609    
  -55166.4609       55447.4375    
   63392.5352      -55202.6055    
  -55202.6055       55462.1992    
   63466.0742      -55237.7148    
  -55237.7148       55476.5234    
   63537.5703      -55271.8398    
  -55271.8398       55490.4453    
   63607.0703      -55304.9922    
  -55304.9922       55503.9375    
   63674.5938      -55337.1641    
  -55337.1641       55517.0312    
   63740.2422      -55368.4414    
  -55368.4414       55529.7461    
   63804.0195      -55398.7930    
  -55398.7930       55542.0742    
   63866.0000      -55428.2930    
  -55428.2930       55554.0664    
   63926.2070      -55456.9141    
  -55456.9141       55565.6680    
   63984.6680      -55484.6953    
  -55484.6953       55576.9180    
   64041.5117      -55511.7070    
  -55511.7070       55587.8594    
   64096.7227      -55537.9141    
  -55537.9141       55598.4766    
   64150.3516      -55563.3672    
  -55563.3672       55608.7734    
   64202.4102      -55588.0469    
  -55588.0469       55618.7305    
   64253.0156      -55612.0352    
  -55612.0352       55628.4258    
   64302.1367      -55635.3203    
  -55635.3203       55637.8359    
   64349.8086      -55657.8945    
  -55657.8945       55646.9297    
   64396.1836      -55679.8711    
  -55679.8711       55655.8086    
   64441.1328      -55701.1328    
  -55701.1328       55664.3672    
   64484.8086      -55721.7852    
  -55721.7852       55672.6797    
   64527.2422      -55741.8711    
  -55741.8711       55680.7734    
   64568.3984      -55761.3164    
  -55761.3164       55688.5938    
   64608.3672      -55780.1992    
  -55780.1992       55696.1836    
   64647.1914      -55798.5508    
  -55798.5508       55703.5664    
   64684.8516      -55816.3359    
  -55816.3359       55710.7031    
   64721.4570      -55833.6289    
  -55833.6289       55717.6562    
   64756.9727      -55850.3828    
  -55850.3828       55724.3867    
   64791.3828      -55866.6094    
  -55866.6094       55730.8828    
   64824.8438      -55882.3945    
  -55882.3945       55737.2188    
   64857.2891      -55897.6992    
  -55897.6992       55743.3555    
   64888.8086      -55912.5625    
  -55912.5625       55749.3125    
   64919.3828      -55926.9609    
  -55926.9609       55755.0938    
   64949.0508      -55940.9453    
  -55940.9453       55760.6836    
   64977.8477      -55954.5195    
  -55954.5195       55766.1250    
   65005.7773      -55967.6641    
  -55967.6641       55771.3906    
   65032.8867      -55980.4297    
  -55980.4297       55776.4883    
   65059.1953      -55992.8086    
  -55992.8086       55781.4336    
   65084.7578      -56004.8438    
  -56004.8438       55786.2617    
   65109.4844      -56016.4688    
  -56016.4688       55790.8906    
   65133.5703      -56027.8125    
  -56027.8125       55795.4297    
   65156.8320      -56038.7422    
  -56038.7422       55799.7930    
   65179.4727      -56049.3867    
  -56049.3867       55804.0508    
   65201.4258      -56059.7031    
  -56059.7031       55808.1602    
   65222.7422      -56069.7305    
  -56069.7305       55812.1680    
   65243.3828      -56079.4258    
  -56079.4258       55816.0312    
   65263.4180      -56088.8320    
  -56088.8320       55819.7852    
   65282.8672      -56097.9766    
  -56097.9766       55823.4375    
   65301.7422      -56106.8477    
  -56106.8477       55826.9688    
   65320.0586      -56115.4453    
  -56115.4453       55830.4062    
   65337.8125      -56123.7930    
  -56123.7930       55833.7344    
   65355.0156      -56131.8516    
  -56131.8516       55836.9375    
   65371.6914      -56139.6836    
  -56139.6836       55840.0547    
   65387.9141      -56147.3008    
  -56147.3008       55843.0898    
   65403.6328      -56154.6914    
  -56154.6914       55846.0391    
   65418.8828      -56161.8398    
  -56161.8398       55848.8984    
   65433.6445      -56168.7617    
  -56168.7617       55851.6406    
   65447.9844      -56175.4844    
  -56175.4844       55854.3203    
   65461.9102      -56182.0273    
  -56182.0273       55856.9141    
   65475.3945      -56188.3398    
  -56188.3398       55859.4297    
   65488.4805      -56194.4805    
  -56194.4805       55861.8711    
   65501.1758      -56200.4258    
  -56200.4258       55864.2344    
   65513.5078      -56206.2188    
  -56206.2188       55866.5430    
   65525.3945      -56211.7852    
  -56211.7852       55868.7500    
   65536.9844      -56217.2188    
  -56217.2188       55870.9219    
   65548.2188      -56222.4844    
  -56222.4844       55873.0156    
   65559.0938      -56227.5820    
  -56227.5820       55875.0391    
   65569.6562      -56232.5156    
  -56232.5156       55876.9766    
   65579.9062      -56237.3281    
  -56237.3281       55878.9102    
   65589.8125      -56241.9648    
  -56241.9648       55880.7383    
   65599.4844      -56246.5078    
  -56246.5078       55882.5664    
   65608.7969      -56250.8594    
  -56250.8594       55884.2812    
   65617.8516      -56255.1094    
  -56255.1094       55885.9727    
   65626.6250      -56259.1992    
  -56259.1992       55887.5859    
   65635.1328      -56263.1875    
  -56263.1875       55889.1797    
   65643.4141      -56267.0742    
  -56267.0742       55890.7227    
   65651.4531      -56270.8398    
  -56270.8398       55892.2305    
   65659.2031      -56274.4766    
  -56274.4766       55893.6680    
   65666.6953      -56277.9688    
  -56277.9688       55895.0469    
   65673.9922      -56281.3867    
  -56281.3867       55896.3984    
   65681.1172      -56284.7227    
  -56284.7227       55897.7227    
   65687.9453      -56287.9219    
  -56287.9219       55898.9883    
   65694.6094      -56291.0508    
  -56291.0508       55900.2305    
   65701.0547      -56294.0586    
  -56294.0586       55901.4297    
   65707.3594      -56297.0195    
  -56297.0195       55902.6094    
   65713.3906      -56299.8398    
  -56299.8398       55903.7266    
   65719.2500      -56302.5742    
  -56302.5742       55904.7969    
   65724.9688      -56305.2539    
  -56305.2539       55905.8594    
   65730.5312      -56307.8516    
  -56307.8516       55906.9102    
   65735.8984      -56310.3711    
  -56310.3711       55907.9102    
   65741.0703      -56312.7852    
  -56312.7852       55908.8516    
   65746.1328      -56315.1562    
  -56315.1562       55909.7969    
   65751.0000      -56317.4258    
  -56317.4258       55910.7031    
   65755.7656      -56319.6641    
  -56319.6641       55911.5859    
   65760.3594      -56321.8125    
  -56321.8125       55912.4336    
   65764.8125      -56323.8984    
  -56323.8984       55913.2617    
   65769.1328      -56325.9141    
  -56325.9141       55914.0625    
   65773.3047      -56327.8633    
  -56327.8633       55914.8281    
   65777.4062      -56329.7852    
  -56329.7852       55915.6094    
   65781.3281      -56331.6172    
  -56331.6172       55916.3125    
   65785.1406      -56333.4023    
  -56333.4023       55917.0273    
   65788.8125      -56335.1172    
  -56335.1172       55917.7148    
   65792.4375      -56336.8164    
  -56336.8164       55918.3867    
   65795.8984      -56338.4336    
  -56338.4336       55919.0273    
   65799.3047      -56340.0195    
  -56340.0195       55919.6602    
   65802.5469      -56341.5430    
  -56341.5430       55920.2578    
   65805.7188      -56343.0391    
  -56343.0391       55920.8555    
   65808.7969      -56344.4609    
  -56344.4609       55921.4258    
   65811.7656      -56345.8594    
  -56345.8594       55921.9805    
   65814.6797      -56347.2109    
  -56347.2109       55922.5117    
   65817.4766      -56348.5195    
  -56348.5195       55923.0234    
   65820.1875      -56349.7930    
  -56349.7930       55923.5312    
   65822.8281      -56351.0273    
  -56351.0273       55924.0078    
   65825.3516      -56352.2031    
  -56352.2031       55924.4805    
   65827.8594      -56353.3789    
  -56353.3789       55924.9492    
   65830.2500      -56354.4922    
  -56354.4922       55925.3828    
   65832.5938      -56355.5938    
  -56355.5938       55925.8398    
   65834.8203      -56356.6250    
  -56356.6250       55926.2266    
   65836.9922      -56357.6484    
  -56357.6484       55926.6367    
   65839.1328      -56358.6602    
  -56358.6602       55927.0508    
   65841.1953      -56359.6133    
  -56359.6133       55927.4180    
   65843.1953      -56360.5508    
  -56360.5508       55927.7969    
   65845.1328      -56361.4609    
  -56361.4609       55928.1484    
   65847.0000      -56362.3281    
  -56362.3281       55928.4922    
   65848.7969      -56363.1602    
  -56363.1602       55928.8125    
   65850.6016      -56364.0078    
  -56364.0078       55929.1641    
   65852.2734      -56364.7812    
  -56364.7812       55929.4570    
   65853.9609      -56365.5898    
  -56365.5898       55929.7852    
   65855.5469      -56366.3242    
  -56366.3242       55930.0742    
   65857.0781      -56367.0352    
  -56367.0352       55930.3555    
   65858.6172      -56367.7656    
  -56367.7656       55930.6641    
   65860.1016      -56368.4531    
  -56368.4531       55930.9258    
   65861.4609      -56369.0820    
  -56369.0820       55931.1562    
   65862.8516      -56369.7383    
  -56369.7383       55931.4219    
   65864.1953      -56370.3672    
  -56370.3672       55931.6797    
   65865.4766      -56370.9531    
  -56370.9531       55931.9102    
   65866.7266      -56371.5352    
  -56371.5352       55932.1250    
   65867.9375      -56372.1133    
  -56372.1133       55932.3633    
   65869.1406      -56372.6758    
  -56372.6758       55932.5938    
   65870.2812      -56373.2031    
  -56373.2031       55932.8008    
   65871.3750      -56373.7188    
  -56373.7188       55932.9961    
   65872.4297      -56374.2031    
  -56374.2031       55933.1875    
   65873.5078      -56374.7188    
  -56374.7188       55933.3945    
   65874.4922      -56375.1680    
  -56375.1680       55933.5742    
   65875.4844      -56375.6406    
  -56375.6406       55933.7734    
   65876.4375      -56376.0859    
  -56376.0859       55933.9453    
   65877.3438      -56376.5078    
  -56376.5078       55934.1055    
   65878.2422      -56376.9180    
  -56376.9180       55934.2656    
   65879.0625      -56377.3086    
  -56377.3086       55934.4219    
   65879.9453      -56377.7305    
  -56377.7305       55934.6016    
   65880.7344      -56378.1055    
  -56378.1055       55934.7461    
   65881.5234      -56378.4609    
  -56378.4609       55934.8828    
   65882.2656      -56378.8203    
  -56378.8203       55935.0352    
   65883.0469      -56379.1719    
  -56379.1719       55935.1602    
   65883.7500      -56379.5000    
  -56379.5000       55935.2969    
   65884.4453      -56379.8242    
  -56379.8242       55935.4180    
   65885.1016      -56380.1250    
  -56380.1250       55935.5352    
   65885.7891      -56380.4531    
  -56380.4531       55935.6836    
   65886.4219      -56380.7500    
  -56380.7500       55935.7891    
   65887.0078      -56381.0234    
  -56381.0234       55935.8867    
   65887.6172      -56381.3086    
  -56381.3086       55936.0039    
   65888.1953      -56381.5859    
  -56381.5859       55936.1172    
   65888.7500      -56381.8438    
  -56381.8438       55936.2227    
   65889.2969      -56382.0898    
  -56382.0898       55936.3203    
   65889.8281      -56382.3438    
  -56382.3438       55936.4102    
   65890.3203      -56382.5742    
  -56382.5742       55936.5039    
   65890.8359      -56382.8203    
  -56382.8203       55936.6094    
   65891.2734      -56383.0117    
  -56383.0117       55936.6836    
   65891.7188      -56383.2266    
  -56383.2266       55936.7578    
   65892.2031      -56383.4609    
  -56383.4609       55936.8555    
   65892.6719      -56383.6641    
  -56383.6641       55936.9453    
   65893.0547      -56383.8320    
  -56383.8320       55937.0039    
   65893.4844      -56384.0547    
  -56384.0547       55937.1016    
   65893.8750      -56384.2266    
  -56384.2266       55937.1523    
   65894.2734      -56384.4141    
  -56384.4141       55937.2344    
   65894.6406      -56384.5938    
  -56384.5938       55937.3125    
   65895.0000      -56384.7539    
  -56384.7539       55937.3789    
   65895.3594      -56384.9180    
  -56384.9180       55937.4375    
   65895.7031      -56385.0977    
  -56385.0977       55937.5117    
   65896.0156      -56385.2305    
  -56385.2305       55937.5586    
   65896.3359      -56385.3789    
  -56385.3789       55937.6133    
   65896.6406      -56385.5273    
  -56385.5273       55937.6797    
   65896.9297      -56385.6523    
  -56385.6523       55937.7305    
   65897.2422      -56385.8086    
  -56385.8086       55937.7969    
   65897.5312      -56385.9492    
  -56385.9492       55937.8555    
   65897.8125      -56386.0742    
  -56386.0742       55937.8906    
   65898.0781      -56386.2031    
  -56386.2031       55937.9492    
   65898.3125      -56386.3164    
  -56386.3164       55937.9883    
   65898.5859      -56386.4414    
  -56386.4414       55938.0469    
   65898.8125      -56386.5391    
  -56386.5391       55938.0859    
   65899.0859      -56386.6680    
  -56386.6680       55938.1250    
   65899.2656      -56386.7422    
  -56386.7422       55938.1641    
   65899.4922      -56386.8555    
  -56386.8555       55938.2070    
   65899.7109      -56386.9609    
  -56386.9609       55938.2539    
   65899.9141      -56387.0469    
  -56387.0469       55938.2773    
   65900.1094      -56387.1445    
  -56387.1445       55938.3242    
   65900.3203      -56387.2500    
  -56387.2500       55938.3672    
   65900.5078      -56387.3320    
  -56387.3320       55938.3945    
   65900.6562      -56387.3984    
  -56387.3984       55938.4141    
   65900.8672      -56387.4961    
  -56387.4961       55938.4570    
   65901.0312      -56387.5781    
  -56387.5781       55938.4922    
   65901.2031      -56387.6602    
  -56387.6602       55938.5273    
