   69368272.0      -10836394.0    
   6565146.00      -1437823.62    
   737877.938      -192192.578    
   128062.805      -21484.2559    
   53465.6719       1743.06787    
   44162.3633       3664.57422    
   40803.1211       3537.95508    
   37813.6719       3347.79663    
   35011.9023       3165.14551    
   32399.7168       2989.65430    
   29975.0742       2820.98438    
   27731.8652       2659.31445    
   25661.7715       2504.92041    
   23755.0117       2358.13135    
   22001.3770       2219.06055    
   20390.2441       2087.80249    
   18911.3750       1964.16528    
   17554.3848       1848.09692    
   16309.6436       1739.26038    
   15167.8271       1637.39966    
   14120.2559       1542.15161    
   13158.8662       1453.12695    
   12276.0127       1370.03577    
   11464.8086       1292.47400    
   10718.9150       1220.06128    
   10032.4365       1152.49316    
   9400.12109       1089.39673    
   8817.11328       1030.46484    
   8279.02734       975.392456    
   7781.86084       923.912476    
   7321.99756       875.764282    
   6896.17041       830.698120    
   6501.40723       788.501587    
   6135.07031       748.927124    
   5794.69043       711.817627    
   5478.08838       676.978760    
   5183.27295       644.247925    
   4908.47217       613.448425    
   4651.94385       584.525757    
   4412.33594       557.250000    
   4188.23926       531.548523    
   3978.44092       507.310089    
   3781.85010       484.413177    
   3597.42554       462.789307    
   3424.19702       442.394165    
   3261.45117       423.041840    
   3108.28979       404.768372    
   2964.08887       387.443726    
   2828.19434       371.016052    
   2700.02588       355.420471    
   2579.02637       340.620026    
   2464.67529       326.588013    
   2356.58691       313.221710    
   2254.28979       300.525330    
   2157.39868       288.459900    
   2065.61743       276.940063    
   1978.55566       265.987518    
   1895.94983       255.537064    
   1817.51245       245.566483    
   1742.95947       236.073227    
   1672.09229       226.998352    
   1604.67358       218.328613    
   1540.48169       210.060394    
   1479.35779       202.140564    
   1421.11023       194.565323    
   1365.58557       187.307739    
   1312.59302       180.379150    
   1262.03198       173.733582    
   1213.72058       167.394409    
   1167.58691       161.299515    
   1123.47009       155.479187    
   1081.33276       149.854523    
   1040.97498       144.504303    
   1002.40851       139.317505    
   965.437622       134.385071    
   930.031006       129.644653    
   896.112366       125.087074    
   863.609741       120.702461    
   832.450378       116.485222    
   802.570557       112.424728    
   773.890747       108.530777    
   746.341431       104.808212    
   719.906494       101.215515    
   694.559937       97.7180634    
   670.142578       94.4186325    
   646.736694       91.1882553    
   624.200623       88.1148529    
   602.579468       85.1112976    
   581.775696       82.2293701    
   561.715942       79.5015106    
   542.447327       76.8394012    
   523.925293       74.2538605    
   506.069336       71.7891693    
   488.878845       69.4111023    
   472.332825       67.1096878    
   456.394226       64.8918991    
   441.052643       62.7389717    
   426.255798       60.6755905    
   411.993988       58.6861649    
   398.244476       56.7696686    
   384.988068       54.9180183    
   372.224670       53.1142044    
   359.900940       51.3864441    
   348.042969       49.6881485    
   336.539886       48.1118050    
   325.480774       46.5491104    
   314.825134       45.0257912    
   304.507080       43.5847931    
   294.577667       42.1649933    
   284.951202       40.8321533    
   275.682343       39.5202560    
   266.743866       38.2391624    
   258.087128       37.0251465    
   249.752960       35.8244514    
   241.659531       34.7059860    
   233.882446       33.5849037    
   226.334763       32.5312462    
   219.056229       31.5002975    
   212.036682       30.4877644    
   205.258499       29.5042191    
   198.670593       28.5885277    
   192.313736       27.6923828    
   186.183807       26.8077545    
   180.243896       25.9683762    
   174.519730       25.1341152    
   168.952896       24.3599319    
   163.631180       23.5500240    
   158.425110       22.8259659    
   153.404541       22.1093807    
   148.530823       21.4318924    
   143.850784       20.7442093    
   139.294067       20.1063404    
   134.930435       19.4458618    
   130.637283       18.8764954    
   126.556313       18.2523346    
   122.579323       17.6773624    
   118.688469       17.1620617    
   114.973564       16.6130524    
   111.384361       16.0757828    
   107.885582       15.5809803    
   104.482391       15.1177349    
   101.243881       14.6130314    
   98.0430527       14.1906910    
   94.9841919       13.7430840    
   92.0383377       13.2948971    
   89.1540222       12.8919973    
   86.3734283       12.4893503    
   83.6720047       12.1085281    
   81.0701141       11.7275658    
   78.5537643       11.3560905    
   76.0998383       11.0103664    
   73.7491684       10.6535845    
   71.4524307       10.3263397    
   69.1889038       10.0500174    
   67.0781555       9.70084953    
   64.9897079       9.40545750    
   62.9685287       9.11819553    
   61.0134392       8.83822060    
   59.1280518       8.55881977    
   57.2863197       8.30293560    
   55.5200729       8.03822041    
   53.8110619       7.78001022    
   52.1202888       7.56391096    
   50.5096512       7.32779121    
   48.9323578       7.11587143    
   47.4471931       6.86917496    
   45.9768257       6.66156197    
   44.5319099       6.47986221    
   43.1960716       6.24167728    
   41.8557510       6.05505610    
   40.5519066       5.87914848    
   39.3005142       5.69810009    
   38.0685768       5.54265404    
   36.9312630       5.33519936    
   35.7824783       5.18084860    
   34.6702805       5.03132248    
   33.5927811       4.88457966    
   32.5708580       4.72152233    
   31.5765648       4.56707859    
   30.5895233       4.44124556    
   29.6359310       4.31575584    
   28.7568321       4.15085030    
   27.8360119       4.05870295    
   26.9978409       3.91629362    
   26.1669216       3.79589963    
   25.3675346       3.67423606    
   24.5744743       3.57352090    
   23.8419399       3.44073176    
   23.1040096       3.34063435    
   22.3692074       3.26127052    
   21.6903267       3.15337706    
   21.0249443       3.05524755    
   20.3767204       2.96304989    
   19.7518330       2.87158990    
   19.1490688       2.78028393    
   18.5637474       2.69114614    
   18.0017052       2.60172749    
   17.4250717       2.54504776    
   16.9004879       2.45686841    
   16.3707886       2.39236116    
   15.9021778       2.28460431    
   15.3980780       2.23117399    
   14.9366808       2.15218091    
   14.4663925       2.09807968    
   14.0267715       2.02959681    
   13.5906687       1.97364438    
   13.1800871       1.90671277    
   12.7572613       1.86630106    
   12.3871107       1.78996968    
   11.9960842       1.74449825    
   11.6172876       1.70207047    
   11.2739449       1.63782883    
   10.9168663       1.59816635    
   10.6019497       1.53024316    
   10.2507200       1.50918448    
   9.97546005       1.42326093    
   9.64369965       1.40564632    
   9.35497284       1.35666323    
   9.06975079       1.31297207    
   8.77758026       1.28702116    
   8.51811695       1.23841166    
   8.24904060       1.20983005    
   7.99776983       1.17148972    
   7.76330423       1.12475610    
   7.52337551       1.09115994    
   7.29286098       1.05826271    
   7.07242203       1.02344990    
   6.84833956      0.999312520    
   6.62166405      0.984631538    
   6.44106531      0.934115410    
   6.24059296      0.907785833    
   6.04900455      0.879265189    
   5.86082554      0.854584694    
   5.67892885      0.831111133    
   5.51597309      0.795381427    
   5.34733677      0.770711899    
   5.18253374      0.748406351    
   5.00878572      0.740162253    
   4.87260723      0.700145662    
   4.71513176      0.686308503    
   4.58247995      0.654332280    
   4.43974972      0.636861801    
   4.29613352      0.624471307    
   4.15279102      0.616194963    
   4.03316641      0.591080427    
   3.91260004      0.569880247    
   3.77891970      0.566296101    
   3.67885542      0.533532202    
   3.55715537      0.526795506    
   3.45781493      0.500729561    
   3.37352967      0.464716971    
   3.24039483      0.478967756    
   3.15172672      0.456013888    
   3.05020356      0.445340931    
   2.95880795      0.432086766    
   2.87194848      0.414603770    
   2.79956985      0.385649741    
   2.68512750      0.402273417    
   2.61426735      0.378546178    
   2.52256370      0.380422235    
   2.46455956      0.349636436    
   2.36432910      0.362725645    
   2.32015634      0.324587703    
   2.23253322      0.330398560    
   2.15537524      0.328429937    
   2.10671473      0.302652478    
   2.02954030      0.304865062    
   1.95816565      0.305140316    
   1.90857720      0.285451829    
   1.85878634      0.268592596    
   1.80020332      0.262586772    
   1.73745394      0.261414975    
   1.69362962      0.244343877    
   1.64103544      0.236723304    
   1.59723020      0.221612126    
   1.53462470      0.229841396    
   1.50574493      0.205291837    
   1.44990063      0.209715545    
   1.41415191      0.193321869    
   1.35463667      0.203147143    
   1.32299197      0.187051356    
   1.27684438      0.186987698    
   1.23842168      0.181628168    
   1.21149063      0.165101916    
   1.15903854      0.175779060    
   1.13627923      0.157076389    
   1.10275817      0.151198417    
   1.06472802      0.150733799    
   1.04077566      0.136968210    
  0.991281688      0.150583103    
  0.987255037      0.119642779    
  0.915678859      0.157866478    
  0.912905276      0.128165722    
  0.888314664      0.119332105    
  0.827963233      0.148726434    
  0.846898377      0.101773754    
  0.804951251      0.115513265    
  0.779476225      0.111992493    
  0.748742998      0.116456077    
  0.720850587      0.116783030    
  0.696352780      0.115078650    
  0.679800212      0.106226958    
  0.667365909       9.49656293E-02
  0.649983704       9.07346085E-02
  0.631068528       8.52428302E-02
  0.591448426      0.102802582    
  0.587324440       8.63280445E-02
  0.576461971       7.62196556E-02
