   1000000.00    
   1000000.00    
   500000.000    
   250000.000    
   125000.000    
   62500.0000    
   31250.0000    
   15625.0000    
   7812.50000    
   3906.25000    
   1953.12500    
   976.562500    
   488.281250    
   244.140625    
   122.070312    
   61.0351562    
   30.5175781    
   15.2587891    
   7.62939453    
   3.81469727    
   1.90734863    
  0.953674316    
  0.476837158    
  0.238418579    
  0.119209290    
   5.96046448E-02
   2.98023224E-02
   1.49011612E-02
   7.45058060E-03
   3.72529030E-03
   1.86264515E-03
   9.31322575E-04
   4.65661287E-04
   2.32830644E-04
   1.16415322E-04
   5.82076609E-05
   2.91038305E-05
   1.45519152E-05
   7.27595761E-06
   3.63797881E-06
   1.81898940E-06
   9.09494702E-07
   4.54747351E-07
   2.27373675E-07
   1.13686838E-07
   5.68434189E-08
   2.84217094E-08
   1.42108547E-08
   7.10542736E-09
   3.55271368E-09
   1.77635684E-09
   8.88178420E-10
   4.44089210E-10
   2.22044605E-10
   1.11022302E-10
   5.55111512E-11
   2.77555756E-11
   1.38777878E-11
   6.93889390E-12
   3.46944695E-12
   1.73472348E-12
   8.67361738E-13
   4.33680869E-13
   2.16840434E-13
   1.08420217E-13
   5.42101086E-14
   2.71050543E-14
   1.35525272E-14
   6.77626358E-15
   3.38813179E-15
   1.69406589E-15
   8.47032947E-16
   4.23516474E-16
   2.11758237E-16
   1.05879118E-16
   5.29395592E-17
   2.64697796E-17
   1.32348898E-17
   6.61744490E-18
   3.30872245E-18
   1.65436123E-18
   8.27180613E-19
   4.13590306E-19
   2.06795153E-19
   1.03397577E-19
   5.16987883E-20
   2.58493941E-20
   1.29246971E-20
   6.46234854E-21
   3.23117427E-21
   1.61558713E-21
   8.07793567E-22
   4.03896783E-22
   2.01948392E-22
   1.00974196E-22
   5.04870979E-23
   2.52435490E-23
   1.26217745E-23
   6.31088724E-24
   3.15544362E-24
   1.57772181E-24
   7.88860905E-25
   3.94430453E-25
   1.97215226E-25
   9.86076132E-26
   4.93038066E-26
   2.46519033E-26
   1.23259516E-26
   6.16297582E-27
   3.08148791E-27
   1.54074396E-27
   7.70371978E-28
   3.85185989E-28
   1.92592994E-28
   9.62964972E-29
   4.81482486E-29
   2.40741243E-29
   1.20370622E-29
   6.01853108E-30
   3.00926554E-30
   1.50463277E-30
   7.52316385E-31
   3.76158192E-31
   1.88079096E-31
   9.40395481E-32
   4.70197740E-32
   2.35098870E-32
   1.17549435E-32
   5.87747175E-33
   2.93873588E-33
   1.46936794E-33
   7.34683969E-34
   3.67341985E-34
   1.83670992E-34
   9.18354962E-35
   4.59177481E-35
   2.29588740E-35
   1.14794370E-35
   5.73971851E-36
   2.86985925E-36
   1.43492963E-36
   7.17464814E-37
   3.58732407E-37
   1.79366203E-37
   8.96831017E-38
   4.48415509E-38
   2.24207754E-38
   1.12103877E-38
   5.60519386E-39
   2.80259693E-39
   1.40129846E-39
   7.00649232E-40
   3.50324616E-40
   1.75162308E-40
   8.75811540E-41
   4.37905770E-41
   2.18952885E-41
   1.09469436E-41
   5.47347180E-42
   2.73673590E-42
   1.36766730E-42
   6.83833651E-43
   3.41916825E-43
   1.70958413E-43
   8.54792063E-44
   4.20389539E-44
   2.10194770E-44
   1.12103877E-44
   5.60519386E-45
   2.80259693E-45
   1.40129846E-45
   0.00000000    
   0.00000000    
   0.00000000    
   0.00000000    
   0.00000000    
   0.00000000    
   0.00000000    
   0.00000000    
   0.00000000    
   0.00000000    
   0.00000000    
   0.00000000    
   0.00000000    
   0.00000000    
   0.00000000    
   0.00000000    
   0.00000000    
   0.00000000    
   0.00000000    
   0.00000000    
   0.00000000    
   0.00000000    
   0.00000000    
   0.00000000    
   0.00000000    
   0.00000000    
   0.00000000    
   0.00000000    
   0.00000000    
   0.00000000    
   0.00000000    
   0.00000000    
   0.00000000    
   0.00000000    
   0.00000000    
   0.00000000    
   0.00000000    
   0.00000000    
   0.00000000    
   0.00000000    
   0.00000000    
   0.00000000    
   0.00000000    
   0.00000000    
   0.00000000    
   0.00000000    
   0.00000000    
   0.00000000    
   0.00000000    
   0.00000000    
   0.00000000    
   0.00000000    
   0.00000000    
   0.00000000    
   0.00000000    
   0.00000000    
   0.00000000    
   0.00000000    
   0.00000000    
   0.00000000    
   0.00000000    
   0.00000000    
   0.00000000    
   0.00000000    
   0.00000000    
   0.00000000    
   0.00000000    
   0.00000000    
   0.00000000    
   0.00000000    
   0.00000000    
   0.00000000    
   0.00000000    
   0.00000000    
   0.00000000    
   0.00000000    
   0.00000000    
   0.00000000    
   0.00000000    
   0.00000000    
   0.00000000    
   0.00000000    
   0.00000000    
   0.00000000    
   0.00000000    
   0.00000000    
   0.00000000    
   0.00000000    
   0.00000000    
   0.00000000    
   0.00000000    
   0.00000000    
   0.00000000    
   0.00000000    
   0.00000000    
   0.00000000    
   0.00000000    
   0.00000000    
   0.00000000    
   0.00000000    
   0.00000000    
   0.00000000    
   0.00000000    
   0.00000000    
   0.00000000    
   0.00000000    
   0.00000000    
   0.00000000    
   0.00000000    
   0.00000000    
   0.00000000    
   0.00000000    
   0.00000000    
   0.00000000    
   0.00000000    
   0.00000000    
   0.00000000    
   0.00000000    
   0.00000000    
   0.00000000    
   0.00000000    
   0.00000000    
   0.00000000    
   0.00000000    
   0.00000000    
   0.00000000    
   0.00000000    
   0.00000000    
   0.00000000    
   0.00000000    
   0.00000000    
   0.00000000    
   0.00000000    
   0.00000000    
   0.00000000    
   0.00000000    
   0.00000000    
   0.00000000    
   0.00000000    
   0.00000000    
   0.00000000    
   0.00000000    
   0.00000000    
   0.00000000    
   0.00000000    
